/*--------------------------------*- C++ -*----------------------------------*\
| =========                 |                                                 |
| \\      /  F ield         | OpenFOAM: The Open Source CFD Toolbox           |
|  \\    /   O peration     | Version:  dev                                   |
|   \\  /    A nd           | Web:      www.OpenFOAM.org                      |
|    \\/     M anipulation  |                                                 |
\*---------------------------------------------------------------------------*/
FoamFile
{
    version     2.0;
    format      ascii;
    class       pointSet;
    location    "constant/polyMesh/sets";
    object      nearPoints;
}
// * * * * * * * * * * * * * * * * * * * * * * * * * * * * * * * * * * * * * //


7380
(
1 
2 
3 
4 
5 
6 
7 
8 
9 
131098 
131099 
131100 
131101 
131147 
49227 
131148 
49228 
131149 
49229 
131150 
49230 
131151 
49231 
131152 
65616 
49232 
131153 
65617 
49233 
131154 
65618 
49234 
49235 
131155 
65619 
131156 
65620 
131157 
65621 
131158 
65622 
65623 
131159 
65624 
131160 
131161 
131162 
131163 
131164 
131165 
131166 
131167 
131168 
131169 
131170 
131171 
131172 
131173 
101 
131174 
102 
131175 
103 
131176 
104 
131177 
105 
131178 
106 
131179 
107 
131180 
108 
131181 
109 
131182 
131183 
131184 
131185 
131186 
131187 
131188 
131189 
131190 
131191 
131192 
131193 
131194 
131195 
65706 
65707 
65708 
65709 
49326 
65710 
49327 
65711 
49328 
65712 
65713 
49329 
65714 
49330 
49331 
49332 
49333 
49334 
201 
202 
203 
204 
205 
206 
207 
208 
209 
65796 
65797 
65798 
65799 
65800 
65801 
65802 
65803 
65804 
49425 
49426 
49427 
49428 
49429 
49430 
49431 
49432 
49433 
147754 
147755 
147756 
147757 
301 
147758 
302 
147759 
303 
147760 
304 
147761 
305 
147762 
306 
307 
308 
309 
65886 
65887 
65888 
65889 
65890 
65891 
65892 
65893 
65894 
49524 
49525 
49526 
49527 
49528 
49529 
49530 
49531 
49532 
147844 
147845 
147846 
147847 
147848 
147849 
147850 
131466 
147851 
131467 
147852 
131468 
131469 
131470 
16782 
131471 
16783 
131472 
16784 
131473 
401 
16785 
131474 
402 
16786 
403 
16787 
404 
16788 
405 
16789 
406 
16790 
407 
408 
409 
65976 
65977 
65978 
65979 
65980 
65981 
65982 
65983 
65984 
49623 
49624 
49625 
49626 
49627 
49628 
49629 
147934 
49630 
147935 
49631 
147936 
147937 
147938 
147939 
147940 
147941 
147942 
16872 
16873 
16874 
16875 
16876 
131565 
16877 
131566 
16878 
131567 
16879 
131568 
16880 
131569 
131570 
131571 
131572 
131573 
501 
502 
503 
504 
505 
506 
507 
508 
509 
66066 
66067 
66068 
66069 
66070 
66071 
66072 
66073 
66074 
180763 
180764 
180765 
180766 
180767 
180768 
180769 
180770 
180771 
148024 
148025 
148026 
49722 
148027 
49723 
148028 
49724 
148029 
49725 
148030 
49726 
148031 
49727 
148032 
49728 
49729 
49730 
16962 
16963 
16964 
16965 
16966 
16967 
16968 
16969 
16970 
115276 
115277 
115278 
115279 
131664 
115280 
131665 
131666 
131667 
131668 
131669 
131670 
131671 
131672 
601 
602 
603 
604 
605 
606 
607 
608 
609 
66156 
66157 
66158 
66159 
66160 
66161 
66162 
66163 
66164 
115326 
180863 
115327 
180864 
115328 
180865 
115329 
180866 
115330 
180867 
180868 
180869 
180870 
180871 
98961 
148114 
98962 
148115 
98963 
148116 
98964 
148117 
98965 
148118 
98966 
148119 
98967 
148120 
98968 
148121 
98969 
148122 
17052 
17053 
49821 
17054 
49822 
17055 
49823 
17056 
49824 
17057 
49825 
17058 
49826 
49827 
17059 
49828 
17060 
49829 
115376 
115377 
115378 
131763 
115379 
131764 
115380 
131765 
131766 
131767 
131768 
131769 
131770 
131771 
701 
702 
703 
704 
705 
706 
707 
708 
709 
66246 
66247 
66248 
66249 
66250 
66251 
66252 
66253 
66254 
115426 
180963 
115427 
180964 
115428 
180965 
115429 
180966 
115430 
180967 
180968 
180969 
180970 
180971 
99051 
99052 
99053 
99054 
99055 
99056 
99057 
99058 
99059 
17142 
17143 
17144 
17145 
17146 
17147 
17148 
17149 
17150 
49920 
49921 
49922 
49923 
49924 
49925 
49926 
49927 
49928 
115476 
115477 
131862 
115478 
131863 
115479 
131864 
115480 
131865 
131866 
131867 
131868 
131869 
131870 
66336 
801 
66337 
802 
66338 
66339 
803 
66340 
804 
66341 
805 
66342 
806 
66343 
807 
66344 
808 
809 
99141 
99142 
181063 
99143 
115527 
181064 
99144 
115528 
181065 
99145 
115529 
181066 
99146 
115530 
181067 
99147 
181068 
99148 
181069 
99149 
181070 
181071 
17232 
17233 
17234 
17235 
17236 
17237 
17238 
17239 
17240 
50019 
50020 
50021 
50022 
50023 
50024 
50025 
50026 
50027 
115577 
115578 
66426 
115579 
66427 
115580 
66428 
66429 
66430 
66431 
66432 
66433 
66434 
901 
902 
903 
904 
905 
906 
907 
908 
909 
99231 
99232 
99233 
99234 
99235 
99236 
99237 
99238 
99239 
17322 
181163 
115627 
17323 
181164 
115628 
17324 
181165 
115629 
17325 
181166 
115630 
17326 
181167 
17327 
181168 
17328 
181169 
17329 
181170 
17330 
181171 
50118 
50119 
50120 
50121 
50122 
50123 
50124 
50125 
50126 
115677 
115678 
115679 
115680 
1001 
1002 
1003 
1004 
1005 
1006 
1007 
1008 
1009 
17412 
17413 
17414 
17415 
17416 
17417 
17418 
17419 
17420 
115726 
181263 
115727 
181264 
115728 
181265 
115729 
181266 
115730 
181267 
115731 
181268 
115732 
181269 
115733 
181270 
115734 
181271 
115735 
115736 
115737 
115738 
115739 
115740 
115741 
115742 
115743 
115744 
115745 
115746 
115747 
115748 
115749 
115750 
115751 
115752 
115753 
50217 
115754 
50218 
115755 
50219 
115756 
50220 
50221 
115757 
50222 
115758 
50223 
115759 
50224 
115760 
50225 
115761 
115762 
115763 
115764 
115765 
115766 
115767 
115768 
115769 
115770 
115771 
115772 
115773 
115774 
115775 
1101 
1102 
1103 
1104 
1105 
1106 
1107 
1108 
1109 
17502 
17503 
17504 
17505 
17506 
17507 
17508 
17509 
17510 
181363 
181364 
181365 
181366 
181367 
181368 
181369 
181370 
181371 
50316 
50317 
50318 
50319 
50320 
50321 
50322 
50323 
50324 
1201 
1202 
1203 
1204 
1205 
1206 
1207 
1208 
17592 
1209 
17593 
17594 
17595 
17596 
17597 
17598 
17599 
17600 
181463 
181464 
181465 
181466 
181467 
181468 
181469 
181470 
181471 
50415 
50416 
50417 
50418 
50419 
50420 
50421 
50422 
50423 
17682 
17683 
17684 
1301 
17685 
1302 
17686 
1303 
17687 
1304 
17688 
17689 
1305 
17690 
1306 
1307 
1308 
1309 
181563 
181564 
181565 
181566 
181567 
181568 
181569 
181570 
181571 
50514 
50515 
50516 
50517 
50518 
50519 
50520 
50521 
50522 
17772 
17773 
17774 
17775 
17776 
17777 
17778 
17779 
17780 
1401 
1402 
1403 
1404 
1405 
1406 
1407 
1408 
1409 
148883 
148884 
148885 
148886 
148887 
181663 
181664 
181665 
181666 
181667 
181668 
181669 
181670 
181671 
148928 
148929 
148930 
148931 
148932 
17862 
17863 
17864 
17865 
17866 
17867 
17868 
17869 
17870 
1501 
1502 
1503 
1504 
1505 
1506 
1507 
1508 
1509 
148973 
148974 
148975 
148976 
148977 
181763 
181764 
181765 
181766 
181767 
181768 
181769 
181770 
181771 
165391 
165392 
165393 
165394 
165395 
165396 
165397 
165398 
165399 
149018 
149019 
149020 
149021 
149022 
17952 
17953 
17954 
17955 
17956 
17957 
17958 
17959 
17960 
1601 
1602 
1603 
1604 
1605 
1606 
1607 
1608 
1609 
149068 
149069 
149070 
149071 
149072 
149073 
149074 
149075 
149076 
149077 
149078 
149079 
149080 
149081 
149082 
149083 
149084 
149085 
149086 
149087 
149088 
149089 
149090 
149091 
149092 
149093 
149094 
181863 
149095 
181864 
149096 
181865 
165481 
149097 
181866 
165482 
149098 
181867 
165483 
149099 
181868 
165484 
149100 
181869 
165485 
149101 
181870 
165486 
149102 
181871 
165487 
149103 
165488 
149104 
165489 
132721 
149105 
132722 
149106 
132723 
149107 
149108 
132724 
149109 
132725 
149110 
149111 
149112 
18042 
18043 
18044 
18045 
18046 
18047 
18048 
18049 
18050 
132766 
132767 
132768 
132769 
149154 
132770 
149155 
149156 
149157 
1701 
1702 
1703 
1704 
1705 
1706 
1707 
263852 
1708 
263853 
1709 
263854 
263855 
263856 
263857 
263858 
263859 
263860 
165571 
165572 
165573 
165574 
165575 
165576 
165577 
165578 
181963 
165579 
132811 
181964 
132812 
181965 
132813 
181966 
132814 
181967 
149199 
132815 
181968 
149200 
181969 
149201 
181970 
149202 
181971 
18132 
18133 
18134 
18135 
18136 
18137 
18138 
18139 
18140 
132856 
132857 
132858 
132859 
149244 
132860 
149245 
149246 
149247 
1801 
1802 
1803 
1804 
1805 
1806 
263951 
1807 
263952 
1808 
263953 
1809 
263954 
263955 
263956 
263957 
263958 
263959 
165661 
165662 
165663 
165664 
165665 
165666 
165667 
165668 
165669 
132901 
132902 
132903 
132904 
149289 
132905 
149290 
149291 
149292 
18222 
182063 
18223 
182064 
18224 
182065 
18225 
182066 
18226 
182067 
18227 
182068 
18228 
182069 
18229 
182070 
18230 
182071 
132947 
132948 
132949 
132950 
1901 
1902 
1903 
1904 
1905 
264050 
1906 
264051 
1907 
264052 
1908 
264053 
1909 
264054 
264055 
264056 
264057 
264058 
132992 
132993 
132994 
132995 
18312 
18313 
18314 
18315 
18316 
18317 
18318 
18319 
18320 
182163 
182164 
182165 
182166 
182167 
182168 
182169 
182170 
182171 
133037 
133038 
133039 
133040 
2001 
2002 
2003 
2004 
264149 
2005 
264150 
2006 
264151 
2007 
264152 
2008 
264153 
2009 
264154 
133082 
264155 
133083 
264156 
133084 
264157 
133085 
133086 
133087 
133088 
133089 
133090 
18402 
133091 
18403 
133092 
18404 
133093 
18405 
18406 
133094 
18407 
133095 
18408 
133096 
18409 
133097 
18410 
133098 
133099 
133100 
133101 
133102 
133103 
133104 
133105 
133106 
133107 
133108 
133109 
133110 
182263 
133111 
182264 
133112 
182265 
133113 
182266 
133114 
182267 
133115 
182268 
133116 
182269 
133117 
182270 
133118 
182271 
133119 
133120 
133121 
133122 
133123 
133124 
133125 
133126 
133127 
133128 
133129 
133130 
100392 
100393 
100394 
100395 
100396 
100397 
100398 
100399 
100400 
264248 
264249 
264250 
264251 
264252 
18492 
264253 
18493 
264254 
18494 
264255 
18495 
264256 
18496 
18497 
18498 
18499 
18500 
182363 
182364 
182365 
182366 
182367 
182368 
182369 
182370 
182371 
100491 
100492 
100493 
100494 
100495 
100496 
100497 
100498 
100499 
18582 
18583 
18584 
18585 
18586 
264347 
18587 
264348 
18588 
264349 
18589 
264350 
18590 
264351 
264352 
264353 
264354 
264355 
182463 
182464 
182465 
182466 
182467 
182468 
182469 
182470 
182471 
149716 
149717 
149718 
149719 
149720 
149721 
149722 
149723 
149724 
100590 
100591 
100592 
100593 
100594 
100595 
100596 
100597 
100598 
264446 
264447 
264448 
264449 
264450 
264451 
264452 
264453 
264454 
182563 
182564 
182565 
182566 
182567 
182568 
182569 
182570 
182571 
149815 
149816 
149817 
149818 
149819 
149820 
149821 
149822 
149823 
100689 
100690 
100691 
100692 
100693 
100694 
100695 
100696 
100697 
264545 
264546 
264547 
264548 
264549 
264550 
264551 
264552 
264553 
182663 
182664 
182665 
182666 
182667 
182668 
182669 
182670 
182671 
149914 
149915 
149916 
149917 
149918 
149919 
149920 
149921 
149922 
264644 
264645 
264646 
264647 
264648 
264649 
264650 
264651 
264652 
182763 
182764 
182765 
182766 
182767 
182768 
182769 
182770 
182771 
150013 
150014 
150015 
150016 
150017 
150018 
150019 
150020 
150021 
117286 
264743 
117287 
264744 
117288 
264745 
117289 
264746 
117290 
264747 
264748 
264749 
264750 
264751 
182863 
182864 
182865 
182866 
182867 
117331 
182868 
117332 
182869 
117333 
182870 
117334 
182871 
117335 
150112 
150113 
150114 
150115 
150116 
150117 
150118 
150119 
150120 
117376 
117377 
117378 
117379 
117380 
264842 
264843 
264844 
264845 
264846 
264847 
264848 
264849 
264850 
117421 
117422 
117423 
117424 
117425 
182963 
182964 
182965 
182966 
182967 
182968 
182969 
182970 
182971 
117466 
117467 
117468 
117469 
117470 
264941 
264942 
264943 
264944 
264945 
264946 
264947 
264948 
264949 
117512 
117513 
117514 
117515 
183063 
183064 
183065 
183066 
183067 
183068 
183069 
183070 
183071 
117557 
117558 
117559 
117560 
265040 
265041 
265042 
265043 
265044 
265045 
265046 
265047 
265048 
117602 
117603 
117604 
117605 
183163 
183164 
183165 
183166 
183167 
183168 
183169 
183170 
183171 
117647 
117648 
117649 
117650 
117651 
117652 
117653 
117654 
117655 
117656 
117657 
117658 
117659 
117660 
117661 
117662 
117663 
117664 
117665 
117666 
117667 
117668 
117669 
117670 
117671 
117672 
117673 
117674 
117675 
117676 
117677 
117678 
117679 
117680 
117681 
117682 
265139 
117683 
265140 
117684 
265141 
117685 
265142 
117686 
265143 
117687 
265144 
117688 
265145 
117689 
265146 
117690 
265147 
117691 
117692 
117693 
117694 
117695 
166858 
166859 
166860 
166861 
166862 
166863 
166864 
166865 
166866 
183263 
183264 
183265 
183266 
183267 
183268 
183269 
183270 
183271 
265238 
265239 
265240 
265241 
265242 
265243 
265244 
265245 
265246 
166957 
166958 
166959 
166960 
166961 
166962 
166963 
166964 
166965 
183363 
183364 
183365 
183366 
183367 
183368 
183369 
183370 
183371 
265337 
265338 
265339 
265340 
265341 
265342 
265343 
265344 
265345 
167056 
167057 
167058 
167059 
167060 
167061 
167062 
167063 
167064 
183463 
183464 
183465 
183466 
183467 
183468 
183469 
183470 
183471 
265436 
265437 
265438 
265439 
265440 
265441 
265442 
265443 
265444 
167155 
167156 
167157 
167158 
167159 
167160 
167161 
167162 
167163 
183563 
183564 
183565 
183566 
183567 
183568 
183569 
183570 
183571 
118047 
118048 
118049 
118050 
118051 
118052 
118053 
118054 
118055 
265535 
265536 
265537 
265538 
265539 
265540 
265541 
265542 
265543 
183663 
183664 
183665 
183666 
183667 
183668 
183669 
183670 
183671 
118137 
118138 
118139 
118140 
118141 
118142 
118143 
118144 
118145 
150931 
150932 
150933 
150934 
150935 
265634 
265635 
265636 
265637 
265638 
265639 
265640 
265641 
265642 
134571 
134572 
134573 
134574 
134575 
150981 
150982 
150983 
150984 
150985 
118227 
183763 
118228 
183764 
118229 
183765 
118230 
183766 
118231 
183767 
118232 
183768 
118233 
183769 
118234 
183770 
118235 
183771 
134621 
134622 
134623 
134624 
134625 
151031 
151032 
151033 
151034 
151035 
265733 
265734 
265735 
265736 
265737 
265738 
265739 
265740 
265741 
134671 
134672 
134673 
134674 
134675 
151081 
151082 
151083 
151084 
118317 
151085 
118318 
118319 
118320 
118321 
118322 
118323 
118324 
118325 
183863 
183864 
183865 
183866 
183867 
183868 
183869 
183870 
183871 
134721 
134722 
134723 
134724 
134725 
265832 
265833 
265834 
265835 
265836 
265837 
265838 
265839 
265840 
134771 
134772 
134773 
134774 
134775 
118407 
118408 
151176 
118409 
151177 
118410 
151178 
118411 
151179 
118412 
151180 
118413 
151181 
118414 
151182 
118415 
151183 
151184 
151185 
151186 
151187 
151188 
151189 
151190 
151191 
151192 
151193 
151194 
151195 
183963 
151196 
183964 
151197 
183965 
151198 
183966 
151199 
183967 
151200 
183968 
151201 
183969 
151202 
183970 
151203 
183971 
151204 
134821 
151205 
134822 
151206 
134823 
151207 
134824 
151208 
151209 
151210 
151211 
151212 
151213 
151214 
151215 
151216 
151217 
151218 
151219 
151220 
151221 
151222 
151223 
151224 
151225 
151226 
151227 
151228 
265931 
265932 
265933 
265934 
265935 
265936 
265937 
265938 
265939 
134870 
134871 
134872 
134873 
151274 
151275 
151276 
151277 
184063 
184064 
184065 
184066 
184067 
184068 
184069 
184070 
134919 
184071 
134920 
134921 
134922 
151323 
151324 
151325 
151326 
266030 
266031 
266032 
266033 
266034 
266035 
266036 
266037 
266038 
134968 
134969 
134970 
134971 
151372 
151373 
151374 
151375 
184163 
184164 
184165 
184166 
184167 
184168 
135017 
184169 
135018 
184170 
135019 
184171 
135020 
135021 
135022 
135023 
135024 
135025 
135026 
135027 
135028 
135029 
135030 
135031 
135032 
135033 
135034 
135035 
135036 
135037 
135038 
135039 
135040 
135041 
135042 
135043 
135044 
135045 
135046 
135047 
135048 
135049 
135050 
135051 
135052 
135053 
135054 
135055 
135056 
266129 
135057 
266130 
135058 
266131 
135059 
266132 
135060 
266133 
135061 
135062 
266134 
135063 
266135 
135064 
266136 
135065 
266137 
266228 
266229 
266230 
266231 
266232 
266233 
266234 
266235 
266236 
266327 
266328 
266329 
266330 
266331 
266332 
266333 
266334 
266335 
266426 
266427 
266428 
266429 
266430 
266431 
266432 
266433 
266434 
135416 
135417 
135418 
135419 
135420 
135421 
135422 
135423 
135424 
266525 
266526 
266527 
266528 
266529 
266530 
266531 
266532 
266533 
135505 
135506 
135507 
135508 
135509 
135510 
135511 
135512 
135513 
119136 
119137 
119138 
119139 
119140 
266624 
266625 
266626 
266627 
266628 
266629 
266630 
266631 
266632 
119186 
119187 
119188 
119189 
119190 
135594 
135595 
135596 
135597 
135598 
135599 
135600 
135601 
135602 
119236 
119237 
119238 
119239 
119240 
266723 
266724 
266725 
266726 
266727 
266728 
266729 
266730 
266731 
119286 
119287 
119288 
119289 
119290 
332287 
332288 
332289 
332290 
332291 
135683 
332292 
135684 
332293 
135685 
332294 
135686 
332295 
135687 
135688 
135689 
135690 
135691 
250388 
250389 
250390 
250391 
250392 
250393 
250394 
250395 
250396 
119336 
119337 
119338 
119339 
119340 
266822 
266823 
266824 
266825 
266826 
266827 
266828 
266829 
266830 
332376 
332377 
332378 
119386 
332379 
119387 
332380 
135772 
119388 
332381 
135773 
119389 
332382 
135774 
332383 
135775 
332384 
135776 
135777 
135778 
135779 
135780 
250478 
250479 
250480 
250481 
250482 
250483 
250484 
250485 
250486 
119435 
119436 
119437 
119438 
266921 
266922 
266923 
266924 
266925 
266926 
266927 
266928 
332465 
266929 
332466 
332467 
332468 
332469 
332470 
332471 
332472 
332473 
119484 
119485 
119486 
119487 
250568 
250569 
250570 
250571 
250572 
250573 
250574 
250575 
250576 
119533 
119534 
119535 
119536 
332554 
332555 
332556 
267020 
332557 
267021 
332558 
267022 
332559 
267023 
332560 
267024 
332561 
267025 
332562 
267026 
267027 
267028 
119582 
119583 
119584 
119585 
250658 
119586 
250659 
119587 
250660 
119588 
250661 
119589 
250662 
119590 
250663 
119591 
250664 
119592 
250665 
119593 
250666 
119594 
119595 
119596 
119597 
119598 
119599 
119600 
119601 
119602 
119603 
119604 
119605 
119606 
119607 
119608 
119609 
119610 
119611 
119612 
119613 
119614 
119615 
119616 
119617 
119618 
119619 
119620 
119621 
119622 
119623 
119624 
119625 
119626 
119627 
119628 
119629 
119630 
332643 
332644 
332645 
332646 
332647 
332648 
332649 
332650 
332651 
267119 
267120 
267121 
267122 
267123 
267124 
267125 
267126 
267127 
250748 
250749 
250750 
250751 
250752 
250753 
250754 
250755 
250756 
332732 
332733 
332734 
332735 
332736 
332737 
332738 
332739 
332740 
267218 
267219 
267220 
267221 
250838 
267222 
250839 
267223 
250840 
267224 
250841 
267225 
250842 
267226 
250843 
250844 
250845 
250846 
332821 
332822 
332823 
332824 
332825 
332826 
332827 
332828 
332829 
250928 
250929 
250930 
250931 
250932 
250933 
250934 
250935 
250936 
119901 
119902 
119903 
119904 
119905 
119906 
119907 
119908 
119909 
103533 
332910 
103534 
332911 
103535 
332912 
103536 
332913 
103537 
332914 
103538 
332915 
103539 
332916 
103540 
332917 
103541 
332918 
251018 
251019 
251020 
251021 
251022 
251023 
251024 
251025 
251026 
120000 
120001 
120002 
120003 
120004 
120005 
120006 
332999 
120007 
103623 
333000 
120008 
103624 
333001 
103625 
333002 
103626 
333003 
103627 
333004 
103628 
333005 
103629 
333006 
103630 
333007 
103631 
251108 
251109 
251110 
251111 
251112 
251113 
251114 
251115 
251116 
136461 
136462 
136463 
136464 
136465 
333088 
333089 
103713 
333090 
103714 
333091 
103715 
120099 
333092 
103716 
120100 
333093 
103717 
120101 
333094 
103718 
120102 
333095 
103719 
120103 
333096 
103720 
120104 
103721 
120105 
120106 
120107 
136506 
136507 
136508 
136509 
251198 
136510 
251199 
251200 
251201 
251202 
251203 
251204 
251205 
251206 
136551 
136552 
136553 
136554 
136555 
333177 
333178 
333179 
103803 
333180 
103804 
333181 
103805 
333182 
103806 
333183 
103807 
333184 
103808 
333185 
103809 
103810 
103811 
120198 
120199 
120200 
120201 
120202 
120203 
120204 
120205 
120206 
136596 
136597 
136598 
136599 
251288 
136600 
251289 
251290 
251291 
251292 
251293 
251294 
251295 
251296 
136641 
136642 
136643 
136644 
136645 
333266 
333267 
333268 
333269 
333270 
333271 
333272 
333273 
333274 
153054 
153055 
153056 
153057 
153058 
120297 
120298 
120299 
120300 
120301 
120302 
136686 
120303 
136687 
120304 
136688 
120305 
136689 
251378 
251379 
251380 
251381 
251382 
251383 
251384 
251385 
251386 
153099 
153100 
153101 
153102 
153103 
136730 
136731 
136732 
136733 
333355 
333356 
333357 
333358 
333359 
333360 
333361 
333362 
333363 
153144 
153145 
153146 
153147 
153148 
136774 
136775 
136776 
136777 
251468 
251469 
251470 
251471 
251472 
251473 
251474 
251475 
251476 
153189 
153190 
153191 
153192 
153193 
136818 
136819 
136820 
136821 
136822 
136823 
136824 
136825 
136826 
136827 
136828 
136829 
136830 
136831 
136832 
136833 
136834 
136835 
333444 
136836 
333445 
136837 
333446 
136838 
333447 
136839 
333448 
136840 
333449 
136841 
333450 
136842 
333451 
136843 
333452 
136844 
136845 
136846 
136847 
136848 
136849 
136850 
136851 
136852 
136853 
136854 
153239 
136855 
153240 
136856 
136857 
153241 
136858 
153242 
136859 
153243 
153244 
136860 
153245 
136861 
136862 
153246 
136863 
153247 
136864 
153248 
153249 
136865 
153250 
153251 
153252 
153253 
251558 
153254 
251559 
153255 
251560 
153256 
251561 
153257 
251562 
153258 
251563 
153259 
251564 
153260 
251565 
153261 
251566 
153262 
153263 
153264 
153265 
153266 
153267 
153268 
153269 
153270 
153271 
153272 
153273 
153274 
153275 
153276 
153277 
153278 
153279 
153280 
153281 
153282 
153283 
333533 
333534 
333535 
333536 
333537 
333538 
333539 
333540 
333541 
153325 
153326 
153327 
153328 
251648 
251649 
251650 
251651 
251652 
251653 
251654 
251655 
251656 
153370 
153371 
153372 
153373 
333622 
333623 
333624 
333625 
333626 
333627 
333628 
333629 
333630 
153415 
153416 
153417 
153418 
251738 
251739 
251740 
251741 
251742 
251743 
251744 
251745 
251746 
153460 
153461 
153462 
153463 
333711 
333712 
333713 
333714 
333715 
137107 
333716 
137108 
333717 
137109 
333718 
137110 
333719 
137111 
137112 
137113 
137114 
137115 
251828 
251829 
251830 
251831 
251832 
251833 
251834 
251835 
251836 
333800 
333801 
333802 
333803 
333804 
333805 
333806 
333807 
333808 
137207 
137208 
137209 
137210 
137211 
137212 
137213 
137214 
137215 
251918 
251919 
251920 
251921 
251922 
251923 
251924 
251925 
251926 
333889 
333890 
333891 
333892 
333893 
333894 
333895 
333896 
333897 
170071 
170072 
170073 
170074 
170075 
137307 
170076 
137308 
170077 
137309 
170078 
137310 
170079 
137311 
137312 
137313 
137314 
137315 
252008 
252009 
252010 
252011 
252012 
252013 
252014 
252015 
252016 
333978 
333979 
333980 
333981 
333982 
333983 
333984 
333985 
333986 
170161 
170162 
170163 
170164 
170165 
170166 
170167 
170168 
170169 
137407 
137408 
137409 
252098 
137410 
252099 
137411 
252100 
137412 
252101 
137413 
252102 
137414 
252103 
137415 
252104 
252105 
252106 
334067 
334068 
334069 
334070 
334071 
334072 
334073 
334074 
334075 
170251 
170252 
170253 
170254 
170255 
170256 
170257 
170258 
170259 
252188 
252189 
252190 
252191 
252192 
252193 
252194 
252195 
137507 
252196 
137508 
137509 
137510 
137511 
137512 
137513 
137514 
137515 
121156 
121157 
121158 
121159 
121160 
334156 
334157 
334158 
334159 
334160 
334161 
334162 
334163 
334164 
170341 
170342 
170343 
170344 
170345 
170346 
170347 
170348 
170349 
153968 
153969 
121201 
153970 
121202 
153971 
121203 
153972 
121204 
153973 
121205 
252278 
153974 
252279 
153975 
252280 
153976 
252281 
252282 
252283 
252284 
252285 
252286 
121246 
121247 
121248 
121249 
121250 
334245 
334246 
334247 
334248 
334249 
334250 
334251 
334252 
334253 
154058 
154059 
121291 
154060 
121292 
154061 
121293 
154062 
121294 
154063 
121295 
252368 
154064 
252369 
154065 
252370 
154066 
252371 
252372 
252373 
252374 
252375 
252376 
88547 
88548 
88549 
88550 
88551 
88552 
88553 
88554 
88555 
121336 
121337 
121338 
121339 
121340 
334334 
334335 
334336 
334337 
334338 
334339 
104964 
334340 
104965 
334341 
104966 
334342 
104967 
104968 
104969 
104970 
104971 
104972 
154148 
154149 
154150 
121382 
154151 
121383 
154152 
121384 
154153 
121385 
252458 
154154 
252459 
154155 
252460 
154156 
252461 
252462 
252463 
252464 
252465 
252466 
88636 
88637 
88638 
88639 
88640 
88641 
88642 
88643 
88644 
121427 
121428 
121429 
121430 
334423 
334424 
334425 
334426 
334427 
334428 
334429 
334430 
334431 
105063 
105064 
105065 
105066 
105067 
105068 
105069 
105070 
105071 
154238 
154239 
154240 
121472 
154241 
121473 
154242 
121474 
154243 
121475 
252548 
154244 
252549 
154245 
154246 
252550 
252551 
252552 
252553 
252554 
252555 
252556 
88725 
88726 
88727 
88728 
88729 
88730 
88731 
88732 
88733 
121517 
121518 
121519 
121520 
334512 
121521 
334513 
121522 
334514 
121523 
334515 
121524 
334516 
121525 
334517 
121526 
334518 
121527 
334519 
121528 
334520 
121529 
121530 
121531 
121532 
121533 
121534 
121535 
121536 
121537 
121538 
121539 
121540 
121541 
121542 
121543 
121544 
121545 
121546 
105162 
121547 
105163 
105164 
121548 
105165 
121549 
105166 
121550 
105167 
121551 
105168 
121552 
105169 
121553 
105170 
121554 
121555 
121556 
121557 
121558 
121559 
154328 
121560 
154329 
121561 
154330 
121562 
154331 
121563 
154332 
121564 
154333 
121565 
154334 
252638 
154335 
252639 
154336 
252640 
252641 
252642 
252643 
252644 
252645 
252646 
88814 
88815 
88816 
88817 
88818 
88819 
88820 
88821 
88822 
72456 
72457 
334601 
72458 
334602 
72459 
334603 
72460 
334604 
72461 
334605 
72462 
334606 
72463 
334607 
72464 
334608 
334609 
105261 
105262 
105263 
105264 
105265 
105266 
105267 
105268 
105269 
252728 
252729 
252730 
252731 
252732 
252733 
252734 
252735 
252736 
88903 
88904 
88905 
88906 
88907 
88908 
88909 
88910 
88911 
334690 
334691 
334692 
334693 
334694 
334695 
334696 
334697 
334698 
72555 
72556 
72557 
72558 
72559 
72560 
72561 
72562 
72563 
252818 
252819 
252820 
252821 
252822 
252823 
252824 
252825 
252826 
88992 
88993 
88994 
88995 
88996 
88997 
88998 
88999 
89000 
334779 
334780 
334781 
334782 
334783 
334784 
334785 
334786 
334787 
72654 
72655 
72656 
72657 
72658 
72659 
72660 
72661 
72662 
252908 
252909 
252910 
252911 
252912 
252913 
252914 
252915 
252916 
89081 
89082 
89083 
89084 
89085 
89086 
89087 
89088 
89089 
334868 
334869 
334870 
334871 
334872 
334873 
334874 
334875 
334876 
72753 
72754 
72755 
72756 
72757 
72758 
72759 
72760 
72761 
252998 
252999 
253000 
253001 
253002 
253003 
253004 
253005 
253006 
89170 
89171 
89172 
89173 
89174 
89175 
89176 
89177 
89178 
334957 
334958 
334959 
334960 
334961 
334962 
334963 
334964 
334965 
72852 
72853 
72854 
72855 
72856 
72857 
72858 
72859 
72860 
253088 
253089 
253090 
253091 
253092 
253093 
138406 
253094 
138407 
253095 
138408 
253096 
138409 
138410 
89259 
89260 
89261 
89262 
89263 
89264 
89265 
89266 
89267 
335046 
335047 
335048 
335049 
335050 
335051 
335052 
335053 
335054 
138456 
138457 
138458 
138459 
138460 
72951 
72952 
72953 
72954 
253178 
72955 
253179 
72956 
253180 
72957 
253181 
72958 
253182 
72959 
253183 
253184 
253185 
253186 
89348 
89349 
89350 
89351 
89352 
89353 
138506 
89354 
138507 
89355 
89356 
138508 
138509 
138510 
335135 
335136 
335137 
335138 
335139 
335140 
335141 
335142 
335143 
138556 
138557 
138558 
138559 
138560 
253268 
253269 
253270 
253271 
253272 
253273 
73050 
253274 
73051 
253275 
73052 
253276 
89437 
73053 
89438 
73054 
89439 
73055 
89440 
73056 
89441 
73057 
89442 
73058 
89443 
89444 
89445 
335224 
335225 
335226 
335227 
335228 
335229 
335230 
335231 
335232 
138656 
138657 
138658 
138659 
138660 
138661 
138662 
138663 
138664 
138665 
138666 
138667 
138668 
138669 
138670 
253358 
138671 
253359 
138672 
253360 
138673 
155057 
253361 
138674 
155058 
253362 
138675 
155059 
253363 
138676 
155060 
253364 
138677 
155061 
253365 
138678 
89526 
253366 
138679 
89527 
138680 
89528 
138681 
89529 
138682 
89530 
138683 
89531 
138684 
89532 
89533 
138685 
73149 
89534 
138686 
73150 
138687 
73151 
138688 
73152 
138689 
73153 
138690 
73154 
138691 
73155 
138692 
73156 
73157 
138693 
138694 
138695 
138696 
138697 
138698 
138699 
138700 
138701 
138702 
138703 
138704 
138705 
335313 
335314 
138707 
335315 
138708 
335316 
138709 
335317 
138710 
335318 
335319 
335320 
335321 
155107 
155108 
155109 
155110 
155111 
138757 
138758 
138759 
138760 
253448 
253449 
253450 
253451 
253452 
253453 
253454 
89615 
253455 
89616 
253456 
89617 
171538 
89618 
171539 
89619 
171540 
89620 
171541 
155157 
89621 
171542 
89622 
155158 
171543 
89623 
155159 
171544 
155160 
171545 
155161 
171546 
73248 
73249 
73250 
73251 
73252 
73253 
73254 
73255 
73256 
138807 
138808 
138809 
138810 
155207 
155208 
155209 
155210 
155211 
89704 
138857 
89705 
138858 
89706 
138859 
89707 
138860 
89708 
89709 
89710 
89711 
89712 
171637 
171638 
171639 
171640 
171641 
171642 
171643 
171644 
171645 
73347 
73348 
73349 
73350 
73351 
73352 
73353 
73354 
73355 
155302 
155303 
155304 
155305 
155306 
155307 
155308 
155309 
155310 
155311 
155312 
155313 
155314 
155315 
155316 
155317 
155318 
155319 
155320 
155321 
155322 
155323 
155324 
155325 
155326 
155327 
155328 
155329 
89793 
155330 
89794 
155331 
89795 
155332 
89796 
155333 
89797 
155334 
89798 
89799 
155335 
89800 
155336 
89801 
155337 
155338 
155339 
155340 
155341 
155342 
155343 
155344 
155345 
155346 
155347 
155348 
155349 
155350 
155351 
171736 
155352 
171737 
155353 
171738 
155354 
171739 
171740 
171741 
171742 
171743 
171744 
73446 
73447 
73448 
73449 
73450 
73451 
73452 
73453 
73454 
40704 
40705 
40706 
40707 
40708 
40709 
40710 
40711 
155400 
40712 
155401 
155402 
155403 
89882 
89883 
89884 
89885 
89886 
89887 
89888 
89889 
89890 
155449 
155450 
171835 
155451 
171836 
155452 
171837 
171838 
171839 
171840 
171841 
171842 
171843 
73545 
73546 
73547 
73548 
73549 
73550 
73551 
73552 
73553 
40794 
40795 
40796 
40797 
40798 
40799 
40800 
40801 
40802 
155498 
155499 
155500 
155501 
89971 
89972 
89973 
89974 
89975 
89976 
89977 
89978 
89979 
73644 
73645 
73646 
73647 
73648 
73649 
73650 
73651 
73652 
40884 
40885 
40886 
40887 
40888 
40889 
40890 
40891 
40892 
90060 
90061 
90062 
90063 
90064 
90065 
90066 
90067 
90068 
40974 
40975 
73743 
40976 
73744 
40977 
73745 
40978 
73746 
40979 
73747 
40980 
73748 
73749 
40981 
73750 
40982 
73751 
24612 
24613 
90149 
24614 
90150 
24615 
90151 
24616 
90152 
90153 
24617 
90154 
24618 
90155 
24619 
90156 
24620 
90157 
41064 
41065 
41066 
41067 
41068 
41069 
41070 
41071 
41072 
73842 
73843 
73844 
73845 
73846 
73847 
73848 
73849 
73850 
123006 
90238 
123007 
90239 
123008 
90240 
90241 
123009 
90242 
123010 
90243 
90244 
90245 
90246 
24711 
24712 
24713 
24714 
24715 
24716 
24717 
24718 
24719 
123056 
123057 
123058 
123059 
123060 
41154 
41155 
41156 
41157 
41158 
41159 
41160 
41161 
41162 
73941 
73942 
73943 
90327 
73944 
90328 
73945 
90329 
90330 
73946 
90331 
73947 
90332 
73948 
90333 
73949 
90334 
90335 
123106 
123107 
123108 
123109 
123110 
24810 
24811 
24812 
24813 
24814 
24815 
24816 
24817 
24818 
123156 
123157 
123158 
123159 
123160 
41244 
41245 
41246 
41247 
41248 
41249 
41250 
41251 
41252 
74040 
74041 
74042 
74043 
74044 
74045 
74046 
74047 
74048 
155970 
155971 
155972 
155973 
155974 
123206 
155975 
123207 
155976 
123208 
155977 
123209 
155978 
123210 
24909 
24910 
24911 
24912 
24913 
24914 
24915 
24916 
24917 
41334 
41335 
123256 
41336 
123257 
41337 
123258 
41338 
123259 
41339 
41340 
41341 
41342 
74139 
74140 
74141 
74142 
74143 
74144 
74145 
74146 
74147 
156069 
156070 
156071 
156072 
156073 
123305 
156074 
123306 
156075 
123307 
156076 
123308 
156077 
25008 
25009 
25010 
25011 
25012 
25013 
25014 
25015 
25016 
41424 
41425 
41426 
41427 
41428 
41429 
41430 
41431 
41432 
123354 
123355 
123356 
123357 
74238 
74239 
74240 
74241 
74242 
74243 
74244 
74245 
74246 
156168 
156169 
156170 
156171 
123403 
156172 
123404 
156173 
123405 
156174 
123406 
156175 
156176 
25107 
25108 
25109 
25110 
25111 
25112 
25113 
25114 
25115 
41514 
41515 
41516 
41517 
41518 
41519 
41520 
41521 
41522 
123452 
123453 
123454 
123455 
123456 
123457 
123458 
123459 
123460 
123461 
123462 
123463 
123464 
123465 
123466 
123467 
123468 
123469 
123470 
123471 
123472 
123473 
123474 
123475 
123476 
123477 
123478 
123479 
123480 
123481 
123482 
123483 
123484 
123485 
123486 
123487 
123488 
123489 
74337 
123490 
74338 
123491 
74339 
74340 
123492 
74341 
123493 
74342 
123494 
74343 
123495 
74344 
123496 
74345 
123497 
123498 
156267 
123499 
156268 
123500 
156269 
156270 
156271 
156272 
156273 
156274 
156275 
25206 
25207 
25208 
25209 
25210 
25211 
25212 
25213 
25214 
41604 
41605 
41606 
41607 
41608 
41609 
41610 
41611 
41612 
74436 
74437 
74438 
74439 
74440 
74441 
74442 
74443 
74444 
156366 
156367 
156368 
156369 
156370 
156371 
156372 
156373 
156374 
25305 
25306 
25307 
25308 
25309 
41694 
25310 
41695 
25311 
41696 
25312 
25313 
41697 
41698 
41699 
41700 
41701 
41702 
41784 
41785 
41786 
41787 
25404 
41788 
25405 
41789 
25406 
41790 
41791 
25407 
41792 
25408 
25409 
25410 
25411 
25412 
41874 
41875 
41876 
41877 
41878 
41879 
41880 
41881 
41882 
25503 
25504 
25505 
25506 
25507 
25508 
25509 
25510 
25511 
123852 
123853 
123854 
123855 
123856 
123857 
123858 
123859 
123860 
41964 
41965 
41966 
41967 
41968 
41969 
41970 
41971 
41972 
25602 
25603 
25604 
25605 
25606 
25607 
25608 
25609 
25610 
123942 
123943 
123944 
123945 
123946 
123947 
123948 
123949 
123950 
42054 
42055 
42056 
42057 
42058 
42059 
42060 
42061 
42062 
25701 
25702 
25703 
25704 
25705 
25706 
25707 
25708 
25709 
124032 
124033 
124034 
124035 
124036 
124037 
124038 
124039 
124040 
42144 
42145 
42146 
42147 
42148 
42149 
42150 
42151 
42152 
25800 
25801 
25802 
25803 
25804 
25805 
25806 
25807 
25808 
124122 
124123 
124124 
124125 
124126 
124127 
124128 
124129 
124130 
42234 
42235 
42236 
42237 
42238 
42239 
42240 
42241 
42242 
140586 
140587 
25899 
140588 
25900 
140589 
25901 
140590 
25902 
25903 
25904 
25905 
25906 
25907 
124212 
124213 
124214 
124215 
124216 
124217 
124218 
124219 
124220 
42324 
42325 
42326 
140631 
42327 
42328 
140632 
42329 
140633 
42330 
140634 
42331 
140635 
42332 
140676 
140677 
140678 
140679 
140680 
25998 
25999 
26000 
26001 
26002 
26003 
26004 
26005 
26006 
42414 
42415 
42416 
42417 
140721 
42418 
140722 
42419 
140723 
42420 
140724 
42421 
140725 
42422 
140771 
140772 
140773 
140774 
140775 
140776 
140777 
140778 
140779 
140780 
140781 
140782 
140783 
140784 
140785 
26097 
140786 
26098 
140787 
26099 
140788 
26100 
140789 
26101 
26102 
140790 
26103 
140791 
26104 
140792 
26105 
140793 
140794 
140795 
140796 
140797 
140798 
140799 
140800 
140801 
140802 
140803 
140804 
140805 
140806 
140807 
140808 
42504 
140809 
42505 
140810 
42506 
42507 
140811 
42508 
140812 
42509 
140813 
42510 
140814 
42511 
140815 
42512 
157225 
157226 
157227 
157228 
157229 
140857 
140858 
140859 
140860 
108105 
108106 
108107 
108108 
108109 
108110 
108111 
108112 
108113 
26196 
26197 
157270 
26198 
157271 
26199 
157272 
26200 
26201 
157273 
26202 
157274 
26203 
26204 
140902 
140903 
140904 
140905 
157315 
157316 
157317 
157318 
157319 
140947 
140948 
140949 
140950 
304802 
304803 
108195 
304804 
108196 
304805 
108197 
304806 
108198 
304807 
108199 
304808 
108200 
304809 
108201 
304810 
108202 
108203 
157360 
157361 
157362 
157363 
157364 
222902 
222903 
26295 
222904 
26296 
222905 
26297 
222906 
26298 
222907 
26299 
222908 
26300 
222909 
26301 
222910 
26302 
26303 
140992 
140993 
140994 
140995 
157410 
157411 
157412 
157413 
157414 
157415 
157416 
157417 
157418 
157419 
157420 
157421 
157422 
157423 
157424 
157425 
157426 
157427 
157428 
157429 
157430 
157431 
157432 
157433 
157434 
157435 
157436 
157437 
108285 
157438 
108286 
108287 
157439 
108288 
157440 
108289 
157441 
108290 
157442 
108291 
157443 
108292 
157444 
304901 
108293 
157445 
304902 
157446 
304903 
157447 
304904 
157448 
304905 
157449 
304906 
157450 
304907 
157451 
304908 
157452 
304909 
157453 
157454 
223001 
223002 
26394 
223003 
26395 
223004 
26396 
223005 
26397 
223006 
26398 
223007 
26399 
223008 
26400 
223009 
26401 
26402 
157496 
157497 
157498 
157499 
108375 
108376 
108377 
108378 
108379 
108380 
108381 
108382 
108383 
157541 
157542 
157543 
305000 
157544 
305001 
305002 
305003 
305004 
305005 
305006 
305007 
305008 
223100 
223101 
26493 
223102 
26494 
223103 
26495 
223104 
26496 
223105 
26497 
223106 
26498 
223107 
26499 
223108 
26500 
26501 
157586 
157587 
157588 
157589 
157631 
157632 
157633 
157634 
305099 
305100 
305101 
305102 
305103 
305104 
305105 
305106 
305107 
223199 
223200 
26592 
223201 
26593 
223202 
26594 
223203 
26595 
223204 
26596 
223205 
26597 
223206 
26598 
223207 
26599 
26600 
305198 
305199 
305200 
305201 
305202 
305203 
305204 
305205 
124981 
305206 
124982 
124983 
124984 
124985 
223298 
223299 
223300 
223301 
223302 
223303 
223304 
223305 
223306 
125026 
125027 
125028 
125029 
125030 
125071 
125072 
305297 
125073 
305298 
125074 
305299 
125075 
305300 
305301 
305302 
305303 
305304 
305305 
223397 
223398 
223399 
223400 
223401 
223402 
223403 
223404 
223405 
141500 
125116 
141501 
125117 
141502 
125118 
141503 
125119 
141504 
125120 
141505 
141506 
141507 
141508 
125161 
125162 
125163 
125164 
125165 
305396 
305397 
305398 
305399 
305400 
305401 
305402 
305403 
305404 
223496 
223497 
223498 
223499 
223500 
223501 
223502 
223503 
223504 
141590 
141591 
125207 
141592 
125208 
141593 
125209 
141594 
125210 
141595 
141596 
141597 
141598 
125252 
125253 
125254 
125255 
305495 
305496 
305497 
305498 
305499 
305500 
305501 
305502 
305503 
223595 
223596 
223597 
223598 
223599 
223600 
141680 
223601 
141681 
125297 
223602 
141682 
125298 
223603 
141683 
125299 
141684 
125300 
141685 
141686 
141687 
141688 
125342 
125343 
125344 
125345 
125346 
125347 
125348 
125349 
125350 
125351 
125352 
125353 
125354 
125355 
125356 
125357 
125358 
125359 
125360 
125361 
125362 
125363 
125364 
125365 
125366 
125367 
125368 
125369 
305594 
125370 
305595 
125371 
305596 
125372 
305597 
125373 
305598 
125374 
305599 
125375 
305600 
125376 
305601 
125377 
305602 
125378 
125379 
125380 
125381 
125382 
125383 
125384 
125385 
141770 
125386 
141771 
125387 
141772 
125388 
141773 
125389 
223694 
141774 
125390 
223695 
141775 
223696 
141776 
223697 
141777 
223698 
141778 
223699 
223700 
223701 
223702 
305693 
305694 
305695 
305696 
305697 
305698 
305699 
305700 
141860 
305701 
141861 
141862 
141863 
141864 
141865 
141866 
141867 
141868 
223793 
223794 
223795 
223796 
223797 
223798 
223799 
223800 
223801 
305792 
305793 
305794 
305795 
305796 
305797 
305798 
305799 
305800 
223892 
223893 
223894 
223895 
223896 
223897 
223898 
223899 
223900 
174751 
174752 
174753 
174754 
174755 
174756 
174757 
174758 
174759 
125661 
125662 
125663 
125664 
125665 
125666 
305891 
125667 
305892 
125668 
305893 
125669 
305894 
305895 
305896 
305897 
305898 
305899 
223991 
223992 
223993 
174841 
223994 
174842 
223995 
174843 
223996 
174844 
223997 
174845 
223998 
174846 
223999 
174847 
174848 
174849 
125760 
125761 
125762 
125763 
125764 
125765 
305990 
125766 
305991 
125767 
305992 
125768 
305993 
305994 
305995 
305996 
305997 
305998 
174931 
174932 
174933 
174934 
174935 
174936 
174937 
224090 
174938 
224091 
174939 
224092 
224093 
224094 
224095 
224096 
224097 
224098 
125859 
125860 
125861 
125862 
125863 
125864 
306089 
125865 
306090 
125866 
306091 
125867 
306092 
306093 
175021 
306094 
175022 
306095 
175023 
306096 
175024 
306097 
175025 
175026 
175027 
175028 
175029 
224189 
224190 
224191 
224192 
224193 
224194 
224195 
224196 
224197 
109536 
109537 
109538 
109539 
109540 
109541 
109542 
109543 
109544 
125958 
125959 
125960 
125961 
125962 
125963 
306188 
125964 
306189 
125965 
306190 
125966 
306191 
306192 
306193 
306194 
306195 
306196 
224288 
224289 
224290 
224291 
224292 
224293 
224294 
224295 
224296 
109635 
109636 
109637 
109638 
109639 
109640 
109641 
109642 
109643 
126057 
126058 
126059 
126060 
126061 
126062 
306287 
126063 
306288 
126064 
306289 
126065 
306290 
306291 
306292 
306293 
306294 
306295 
224387 
224388 
224389 
224390 
224391 
224392 
224393 
224394 
224395 
109734 
109735 
109736 
109737 
109738 
109739 
109740 
109741 
109742 
306386 
306387 
306388 
306389 
306390 
306391 
306392 
306393 
306394 
224486 
224487 
224488 
224489 
224490 
224491 
224492 
224493 
224494 
142589 
142590 
142591 
142592 
142593 
109833 
109834 
109835 
109836 
109837 
109838 
109839 
109840 
109841 
142639 
142640 
142641 
142642 
142643 
306485 
306486 
306487 
306488 
306489 
306490 
306491 
306492 
306493 
224585 
224586 
224587 
224588 
224589 
224590 
224591 
224592 
224593 
142689 
142690 
142691 
142692 
142693 
142739 
142740 
142741 
142742 
142743 
306584 
306585 
306586 
306587 
306588 
306589 
306590 
306591 
306592 
224684 
224685 
224686 
224687 
224688 
224689 
224690 
224691 
224692 
142834 
142835 
142836 
142837 
142838 
142839 
142840 
142841 
142842 
306683 
142843 
306684 
142844 
159228 
306685 
142845 
159229 
306686 
142846 
159230 
306687 
142847 
159231 
306688 
142848 
159232 
306689 
142849 
306690 
142850 
306691 
142851 
142852 
142853 
142854 
142855 
142856 
142857 
142858 
142859 
142860 
142861 
142862 
224783 
142863 
224784 
142864 
224785 
142865 
224786 
142866 
224787 
142867 
224788 
142868 
224789 
142869 
224790 
142870 
224791 
142871 
142872 
142873 
142874 
142875 
142876 
142877 
142878 
142879 
142880 
142881 
142882 
142883 
142884 
142885 
142886 
159278 
159279 
159280 
159281 
159282 
142932 
142933 
142934 
142935 
306782 
306783 
306784 
159328 
306785 
159329 
306786 
159330 
306787 
159331 
306788 
159332 
306789 
306790 
224882 
224883 
224884 
224885 
224886 
224887 
224888 
224889 
224890 
142981 
142982 
142983 
142984 
159378 
159379 
159380 
159381 
159382 
143030 
143031 
143032 
143033 
306881 
306882 
306883 
306884 
306885 
306886 
306887 
306888 
306889 
224981 
224982 
224983 
224984 
224985 
224986 
224987 
224988 
224989 
159473 
159474 
159475 
159476 
159477 
159478 
159479 
159480 
159481 
159482 
159483 
159484 
159485 
159486 
159487 
159488 
159489 
159490 
159491 
159492 
159493 
159494 
159495 
159496 
159497 
159498 
159499 
159500 
159501 
159502 
159503 
159504 
159505 
159506 
159507 
159508 
159509 
159510 
159511 
159512 
159513 
159514 
159515 
159516 
159517 
159518 
159519 
159520 
159521 
159522 
159523 
306980 
159524 
306981 
159525 
306982 
306983 
306984 
306985 
306986 
306987 
306988 
225080 
225081 
225082 
225083 
225084 
225085 
225086 
225087 
225088 
159571 
159572 
159573 
159574 
159620 
159621 
159622 
307079 
159623 
307080 
307081 
307082 
307083 
307084 
307085 
307086 
307087 
225179 
225180 
126876 
225181 
126877 
225182 
126878 
225183 
126879 
126880 
225184 
225185 
225186 
225187 
159669 
159670 
159671 
159672 
126926 
126927 
126928 
126929 
126930 
307178 
307179 
307180 
307181 
307182 
307183 
307184 
307185 
307186 
225278 
225279 
126976 
225280 
126977 
225281 
126978 
225282 
126979 
225283 
126980 
225284 
225285 
225286 
127026 
127027 
127028 
127029 
127030 
307277 
307278 
307279 
307280 
307281 
307282 
307283 
307284 
307285 
176218 
176219 
176220 
176221 
176222 
176223 
176224 
176225 
225377 
176226 
225378 
225379 
127076 
225380 
127077 
225381 
127078 
225382 
127079 
225383 
127080 
225384 
225385 
143502 
143503 
143504 
143505 
143506 
143507 
143508 
143509 
143510 
127126 
127127 
127128 
127129 
307376 
307377 
307378 
307379 
307380 
307381 
307382 
307383 
307384 
176317 
176318 
176319 
176320 
176321 
176322 
176323 
176324 
225476 
176325 
225477 
225478 
127175 
225479 
127176 
225480 
127177 
225481 
127178 
225482 
225483 
225484 
143601 
143602 
143603 
143604 
143605 
143606 
143607 
143608 
127224 
143609 
127225 
127226 
127227 
307475 
307476 
307477 
307478 
307479 
307480 
307481 
307482 
307483 
176416 
176417 
176418 
176419 
176420 
176421 
176422 
176423 
225575 
176424 
225576 
127273 
225577 
127274 
225578 
127275 
225579 
127276 
225580 
225581 
225582 
225583 
143700 
143701 
143702 
143703 
143704 
143705 
143706 
127322 
143707 
127323 
143708 
127324 
127325 
127326 
127327 
127328 
127329 
127330 
127331 
127332 
127333 
127334 
127335 
127336 
127337 
127338 
127339 
127340 
127341 
127342 
127343 
127344 
127345 
127346 
127347 
127348 
127349 
127350 
307574 
127351 
307575 
127352 
307576 
127353 
307577 
127354 
307578 
127355 
307579 
127356 
307580 
127357 
307581 
127358 
307582 
127359 
127360 
127361 
127362 
176515 
127363 
176516 
127364 
176517 
127365 
176518 
127366 
176519 
127367 
176520 
127368 
176521 
127369 
176522 
127370 
225674 
176523 
225675 
225676 
225677 
225678 
225679 
225680 
225681 
225682 
143799 
143800 
143801 
143802 
143803 
143804 
143805 
143806 
143807 
307673 
307674 
307675 
307676 
160221 
307677 
160222 
307678 
160223 
307679 
160224 
307680 
160225 
307681 
160226 
160227 
160228 
160229 
225773 
225774 
225775 
225776 
225777 
225778 
225779 
225780 
225781 
291338 
291339 
291340 
291341 
291342 
291343 
291344 
291345 
291346 
143898 
143899 
143900 
143901 
143902 
209438 
143903 
209439 
143904 
209440 
143905 
209441 
143906 
209442 
209443 
209444 
209445 
209446 
160310 
160311 
160312 
160313 
160314 
160315 
160316 
307772 
160317 
307773 
160318 
307774 
307775 
307776 
307777 
307778 
307779 
307780 
225872 
225873 
225874 
225875 
225876 
225877 
225878 
225879 
225880 
291428 
291429 
291430 
291431 
291432 
291433 
291434 
291435 
291436 
209528 
209529 
209530 
209531 
209532 
209533 
209534 
209535 
209536 
160399 
160400 
160401 
160402 
160403 
160404 
160405 
160406 
160407 
307871 
307872 
307873 
307874 
307875 
307876 
307877 
307878 
307879 
225971 
225972 
225973 
225974 
225975 
225976 
225977 
225978 
225979 
291518 
291519 
291520 
291521 
291522 
291523 
291524 
291525 
291526 
209618 
209619 
209620 
209621 
209622 
209623 
209624 
209625 
209626 
160488 
160489 
160490 
160491 
160492 
160493 
160494 
160495 
160496 
307970 
307971 
307972 
307973 
307974 
307975 
307976 
307977 
307978 
226070 
226071 
291608 
226072 
291609 
226073 
291610 
226074 
291611 
226075 
291612 
226076 
291613 
226077 
291614 
226078 
291615 
291616 
209708 
209709 
209710 
209711 
209712 
209713 
209714 
209715 
209716 
160577 
160578 
160579 
160580 
160581 
160582 
160583 
160584 
160585 
308069 
308070 
308071 
308072 
308073 
308074 
308075 
308076 
308077 
291698 
291699 
291700 
291701 
291702 
291703 
291704 
291705 
226169 
291706 
226170 
226171 
226172 
226173 
226174 
226175 
226176 
226177 
209798 
209799 
209800 
209801 
209802 
209803 
209804 
209805 
209806 
308168 
308169 
308170 
308171 
291788 
308172 
291789 
308173 
291790 
308174 
291791 
308175 
291792 
308176 
291793 
291794 
291795 
291796 
226268 
226269 
226270 
226271 
209888 
226272 
209889 
226273 
209890 
226274 
209891 
226275 
209892 
226276 
209893 
209894 
209895 
209896 
291878 
291879 
291880 
291881 
291882 
291883 
291884 
291885 
291886 
209978 
209979 
209980 
209981 
209982 
209983 
209984 
209985 
209986 
291968 
291969 
291970 
291971 
291972 
291973 
291974 
291975 
291976 
210068 
210069 
210070 
210071 
210072 
210073 
210074 
210075 
210076 
292058 
292059 
292060 
292061 
292062 
292063 
292064 
292065 
292066 
210158 
210159 
210160 
210161 
210162 
210163 
210164 
210165 
210166 
292148 
292149 
292150 
292151 
292152 
292153 
292154 
292155 
292156 
210248 
210249 
210250 
210251 
210252 
210253 
210254 
210255 
210256 
144757 
144758 
144759 
144760 
144761 
292238 
292239 
292240 
292241 
292242 
292243 
292244 
292245 
292246 
210338 
144802 
210339 
144803 
210340 
144804 
210341 
144805 
210342 
144806 
210343 
210344 
210345 
210346 
95689 
95690 
95691 
95692 
95693 
95694 
95695 
144847 
95696 
144848 
95697 
144849 
144850 
144851 
292328 
292329 
292330 
292331 
292332 
292333 
292334 
292335 
292336 
161266 
161267 
161268 
161269 
161270 
210428 
144892 
210429 
144893 
210430 
144894 
210431 
144895 
210432 
144896 
210433 
210434 
210435 
210436 
161311 
161312 
161313 
161314 
161315 
95789 
144942 
95790 
95791 
144943 
95792 
144944 
95793 
144945 
95794 
144946 
95795 
144947 
95796 
144948 
95797 
144949 
144950 
144951 
144952 
144953 
144954 
144955 
144956 
144957 
144958 
144959 
144960 
144961 
292418 
144962 
292419 
144963 
292420 
144964 
292421 
144965 
292422 
144966 
292423 
144967 
292424 
144968 
292425 
144969 
292426 
144970 
144971 
144972 
161356 
144973 
161357 
144974 
161358 
144975 
161359 
144976 
161360 
144977 
144978 
144979 
144980 
144981 
210518 
144982 
210519 
144983 
210520 
144984 
210521 
144985 
210522 
144986 
210523 
210524 
210525 
210526 
161401 
161402 
161403 
161404 
161405 
145028 
145029 
145030 
145031 
95889 
95890 
95891 
95892 
95893 
95894 
95895 
95896 
95897 
292508 
292509 
292510 
292511 
292512 
292513 
292514 
292515 
292516 
161446 
161447 
161448 
161449 
161450 
161451 
161452 
161453 
161454 
161455 
210608 
161456 
210609 
161457 
145073 
210610 
161458 
145074 
210611 
161459 
145075 
210612 
161460 
145076 
210613 
161461 
210614 
161462 
210615 
161463 
210616 
161464 
161465 
161466 
161467 
161468 
161469 
161470 
161471 
161472 
161473 
161474 
161475 
161476 
161477 
161478 
161479 
161480 
161481 
161482 
161483 
161484 
161485 
161486 
161487 
161488 
161489 
145118 
145119 
145120 
145121 
95989 
292598 
95990 
292599 
95991 
292600 
95992 
292601 
95993 
292602 
95994 
161530 
292603 
95995 
161531 
292604 
95996 
161532 
292605 
95997 
161533 
292606 
210698 
210699 
145163 
210700 
145164 
210701 
145165 
210702 
145166 
210703 
210704 
210705 
210706 
161574 
161575 
161576 
161577 
292688 
292689 
292690 
161618 
292691 
128851 
161619 
292692 
128852 
161620 
292693 
128853 
161621 
292694 
128854 
292695 
128855 
292696 
210788 
210789 
210790 
210791 
210792 
210793 
210794 
210795 
210796 
161662 
161663 
128896 
161664 
128897 
161665 
128898 
128899 
128900 
292778 
292779 
292780 
292781 
128941 
292782 
128942 
292783 
128943 
292784 
128944 
292785 
128945 
292786 
210878 
210879 
210880 
210881 
210882 
210883 
210884 
210885 
210886 
128986 
128987 
128988 
128989 
128990 
292868 
292869 
292870 
292871 
129031 
292872 
129032 
292873 
129033 
292874 
129034 
292875 
129035 
292876 
210968 
210969 
210970 
210971 
210972 
210973 
210974 
210975 
210976 
112676 
112677 
112678 
112679 
112680 
112681 
112682 
112683 
112684 
129077 
129078 
129079 
129080 
292958 
292959 
292960 
292961 
292962 
129122 
292963 
129123 
292964 
129124 
292965 
129125 
292966 
211058 
211059 
211060 
211061 
211062 
211063 
211064 
211065 
211066 
112765 
112766 
112767 
112768 
112769 
112770 
112771 
112772 
112773 
129167 
129168 
129169 
129170 
293048 
293049 
293050 
293051 
293052 
129212 
293053 
129213 
293054 
129214 
293055 
129215 
293056 
129216 
129217 
129218 
129219 
129220 
129221 
129222 
129223 
129224 
129225 
129226 
129227 
211148 
129228 
211149 
129229 
211150 
129230 
211151 
129231 
211152 
129232 
211153 
129233 
211154 
129234 
211155 
129235 
211156 
129236 
129237 
129238 
112854 
129239 
112855 
112856 
129240 
112857 
129241 
112858 
129242 
112859 
129243 
112860 
129244 
112861 
129245 
112862 
129246 
129247 
129248 
129249 
129250 
129251 
129252 
129253 
129254 
129255 
129256 
129257 
129258 
129259 
129260 
162043 
162044 
162045 
162046 
162047 
162048 
162049 
162050 
162051 
293138 
293139 
293140 
293141 
293142 
293143 
293144 
293145 
293146 
211238 
211239 
211240 
211241 
211242 
211243 
211244 
211245 
211246 
112943 
112944 
112945 
112946 
112947 
112948 
112949 
112950 
112951 
162143 
162144 
162145 
162146 
162147 
162148 
162149 
162150 
162151 
293228 
293229 
293230 
293231 
293232 
293233 
293234 
293235 
293236 
211328 
211329 
211330 
211331 
211332 
211333 
211334 
211335 
211336 
162243 
162244 
162245 
293318 
162246 
293319 
162247 
293320 
162248 
293321 
162249 
293322 
162250 
293323 
162251 
293324 
293325 
293326 
211418 
211419 
211420 
211421 
211422 
211423 
211424 
211425 
211426 
293408 
293409 
293410 
293411 
293412 
293413 
293414 
162343 
293415 
162344 
293416 
162345 
162346 
162347 
162348 
162349 
162350 
162351 
211508 
211509 
211510 
211511 
211512 
211513 
211514 
211515 
211516 
129612 
129613 
129614 
129615 
129616 
129617 
129618 
129619 
129620 
293498 
293499 
293500 
293501 
293502 
293503 
293504 
293505 
293506 
211598 
211599 
211600 
211601 
211602 
211603 
211604 
211605 
211606 
129702 
129703 
129704 
129705 
129706 
129707 
129708 
129709 
129710 
293588 
293589 
293590 
293591 
293592 
293593 
293594 
293595 
293596 
211688 
211689 
211690 
211691 
211692 
211693 
211694 
211695 
211696 
129792 
129793 
129794 
129795 
129796 
129797 
129798 
129799 
129800 
293678 
293679 
293680 
293681 
293682 
293683 
293684 
293685 
293686 
211778 
211779 
211780 
211781 
211782 
211783 
211784 
211785 
211786 
129882 
129883 
129884 
129885 
129886 
129887 
129888 
129889 
129890 
293768 
293769 
293770 
293771 
293772 
293773 
293774 
293775 
293776 
211868 
211869 
211870 
211871 
211872 
211873 
211874 
211875 
211876 
129972 
129973 
129974 
129975 
129976 
129977 
129978 
129979 
129980 
293858 
293859 
293860 
293861 
293862 
293863 
293864 
293865 
293866 
211958 
211959 
211960 
211961 
211962 
211963 
211964 
211965 
211966 
293948 
293949 
293950 
293951 
293952 
293953 
293954 
293955 
293956 
212048 
212049 
212050 
212051 
212052 
212053 
212054 
212055 
212056 
64626 
64627 
64628 
64629 
64630 
64631 
64632 
64633 
64634 
294038 
294039 
294040 
294041 
294042 
294043 
294044 
294045 
294046 
212138 
212139 
212140 
212141 
212142 
212143 
212144 
212145 
212146 
64716 
64717 
64718 
64719 
64720 
64721 
64722 
64723 
64724 
179430 
179431 
179432 
179433 
179434 
179435 
179436 
179437 
179438 
294128 
294129 
294130 
294131 
294132 
294133 
294134 
294135 
294136 
212228 
212229 
212230 
212231 
212232 
212233 
212234 
212235 
212236 
64806 
64807 
64808 
64809 
64810 
64811 
64812 
64813 
64814 
113977 
113978 
113979 
113980 
113981 
113982 
113983 
179519 
113984 
179520 
113985 
179521 
179522 
179523 
179524 
179525 
179526 
179527 
146760 
146761 
146762 
294218 
146763 
294219 
146764 
294220 
294221 
294222 
294223 
294224 
294225 
294226 
212318 
212319 
212320 
212321 
212322 
212323 
212324 
212325 
212326 
146810 
146811 
146812 
146813 
146814 
64896 
64897 
64898 
64899 
64900 
64901 
64902 
64903 
64904 
48534 
48535 
179608 
48536 
179609 
48537 
179610 
48538 
179611 
48539 
179612 
48540 
179613 
114077 
48541 
179614 
114078 
48542 
179615 
114079 
179616 
114080 
114081 
114082 
114083 
114084 
294308 
114085 
294309 
294310 
294311 
294312 
294313 
294314 
294315 
146860 
294316 
146861 
146862 
146863 
146864 
212408 
212409 
212410 
212411 
212412 
212413 
212414 
212415 
212416 
64986 
64987 
64988 
64989 
146910 
64990 
146911 
64991 
146912 
64992 
146913 
64993 
146914 
64994 
179697 
179698 
179699 
179700 
179701 
179702 
179703 
179704 
179705 
48633 
48634 
48635 
48636 
48637 
48638 
294398 
48639 
294399 
48640 
294400 
114177 
48641 
294401 
114178 
294402 
114179 
294403 
114180 
294404 
114181 
294405 
114182 
294406 
114183 
114184 
114185 
212498 
212499 
212500 
212501 
212502 
212503 
212504 
212505 
212506 
65076 
65077 
65078 
65079 
65080 
65081 
65082 
65083 
65084 
147005 
147006 
147007 
147008 
147009 
147010 
147011 
147012 
147013 
147014 
147015 
147016 
147017 
147018 
147019 
147020 
147021 
147022 
147023 
147024 
147025 
147026 
147027 
147028 
147029 
147030 
147031 
147032 
147033 
147034 
147035 
147036 
48732 
147037 
48733 
147038 
48734 
147039 
48735 
147040 
48736 
147041 
48737 
147042 
48738 
147043 
48739 
147044 
48740 
114277 
147045 
114278 
147046 
114279 
147047 
114280 
147048 
114281 
147049 
114282 
147050 
114283 
147051 
114284 
147052 
114285 
147053 
147054 
147055 
147056 
147057 
130701 
130702 
65166 
130703 
65167 
130704 
65168 
130705 
65169 
65170 
65171 
65172 
65173 
65174 
147103 
147104 
147105 
147106 
130751 
48831 
130752 
48832 
130753 
48833 
130754 
48834 
130755 
48835 
48836 
48837 
48838 
48839 
114377 
114378 
114379 
114380 
114381 
114382 
114383 
114384 
147152 
114385 
147153 
147154 
147155 
65256 
65257 
65258 
65259 
65260 
65261 
65262 
65263 
65264 
130801 
130802 
130803 
130804 
130805 
147201 
147202 
147203 
147204 
48930 
130851 
48931 
130852 
48932 
130853 
48933 
130854 
48934 
130855 
48935 
48936 
48937 
48938 
65346 
65347 
65348 
65349 
65350 
65351 
65352 
65353 
65354 
130901 
130902 
130903 
130904 
130905 
49029 
49030 
130951 
49031 
130952 
49032 
130953 
49033 
130954 
49034 
49035 
49036 
49037 
65436 
65437 
65438 
65439 
65440 
65441 
65442 
65443 
65444 
131000 
131001 
131002 
131003 
49128 
131049 
49129 
131050 
49130 
131051 
49131 
131052 
49132 
49133 
49134 
49135 
49136 
65526 
65527 
65528 
65529 
65530 
65531 
65532 
65533 
65534 
)

// ************************************************************************* //
