/*--------------------------------*- C++ -*----------------------------------*\
| =========                 |                                                 |
| \\      /  F ield         | OpenFOAM: The Open Source CFD Toolbox           |
|  \\    /   O peration     | Version:  dev                                   |
|   \\  /    A nd           | Web:      www.OpenFOAM.org                      |
|    \\/     M anipulation  |                                                 |
\*---------------------------------------------------------------------------*/
FoamFile
{
    version     2.0;
    format      ascii;
    class       regIOobject;
    location    "constant/polyMesh";
    object      faceZones;
}
// * * * * * * * * * * * * * * * * * * * * * * * * * * * * * * * * * * * * * //

1
(
MRFzone
{
    type faceZone;
faceLabels      List<label> 
9040
(
1491
1495
1499
1503
1507
1511
1515
1519
1523
1527
1531
1535
1539
1543
1547
1551
1555
1558
1561
2751
2754
2757
2760
2763
2766
2769
2772
2775
2778
2781
2784
2787
2790
2793
2796
2799
2801
2803
3974
3977
3980
3983
3986
3989
3992
3995
3998
4001
4004
4007
4010
4013
4016
4019
4022
4024
4026
5196
5199
5202
5205
5208
5211
5214
5217
5220
5223
5226
5229
5232
5235
5238
5241
5244
5246
5248
6422
6425
6428
6431
6434
6437
6440
6443
6446
6449
6452
6455
6458
6461
6464
6467
6470
6473
6475
6481
7666
7669
7672
7675
7678
7681
7684
7687
7690
7693
7696
7699
7702
7705
7708
7711
7714
7717
7720
7722
7728
8920
8923
8926
8929
8932
8935
8938
8941
8944
8947
8950
8953
8956
8959
8962
8965
8968
8971
8974
8976
8986
10166
10169
10172
10175
10178
10181
10184
10187
10190
10193
10196
10199
10202
10205
10208
10211
10214
10217
10220
10222
10230
11380
11383
11386
11389
11392
11395
11398
11401
11404
11407
11410
11413
11416
11419
11422
11425
11428
11431
11434
11436
11446
11451
12595
12598
12601
12604
12607
12610
12613
12616
12619
12622
12625
12628
12631
12634
12637
12640
12643
12646
12648
12657
13802
13805
13808
13811
13814
13817
13820
13823
13826
13829
13832
13835
13838
13841
13844
13847
13850
13853
13855
13868
15006
15009
15012
15015
15018
15021
15024
15027
15030
15033
15036
15039
15042
15045
15048
15051
15054
15057
15059
15071
16206
16209
16212
16215
16218
16221
16224
16227
16230
16233
16236
16239
16242
16245
16248
16251
16254
16257
16259
16275
17409
17412
17415
17418
17421
17424
17427
17430
17433
17436
17439
17442
17445
17448
17451
17454
17457
17460
17462
17477
18618
18621
18624
18627
18630
18633
18636
18639
18642
18645
18648
18651
18654
18657
18660
18663
18666
18669
18671
18690
18695
19837
19840
19843
19846
19849
19852
19855
19858
19861
19864
19867
19870
19873
19876
19879
19882
19885
19887
19905
21047
21050
21053
21056
21059
21062
21065
21068
21071
21074
21077
21080
21083
21086
21089
21092
21095
21097
21118
22245
22248
22251
22254
22257
22260
22263
22266
22269
22272
22275
22278
22281
22284
22287
22290
22293
22295
22313
23449
23452
23455
23458
23461
23464
23467
23470
23473
23476
23479
23482
23485
23488
23491
23494
23497
23499
23521
23526
24660
24663
24666
24669
24672
24675
24678
24681
24684
24687
24690
24693
24696
24699
24702
24705
24707
24728
25864
25867
25870
25873
25876
25879
25882
25885
25888
25891
25894
25897
25900
25903
25906
25909
25911
25936
27072
27075
27078
27081
27084
27087
27090
27093
27096
27099
27102
27105
27108
27111
27114
27117
27119
27143
28266
28269
28272
28275
28278
28281
28284
28287
28290
28293
28296
28299
28302
28305
28308
28311
28313
28340
28345
29440
29443
29446
29449
29452
29455
29458
29461
29464
29467
29470
29473
29476
29479
29482
29484
29508
30605
30608
30611
30614
30617
30620
30623
30626
30629
30632
30635
30638
30641
30644
30647
30649
30677
30682
31777
31780
31783
31786
31789
31792
31795
31798
31801
31804
31807
31810
31813
31816
31818
31845
32929
32932
32935
32938
32941
32944
32947
32950
32953
32956
32959
32962
32965
32968
32970
33000
34058
34061
34064
34067
34070
34073
34076
34079
34082
34085
34088
34091
34094
34097
34099
34126
34131
35187
35190
35193
35196
35199
35202
35205
35208
35211
35214
35217
35220
35223
35225
35256
36314
36317
36320
36323
36326
36329
36332
36335
36338
36341
36344
36347
36350
36352
36382
36387
37430
37433
37436
37439
37442
37445
37448
37451
37454
37457
37460
37463
37465
37498
37503
38520
38523
38526
38529
38532
38535
38538
38541
38544
38547
38550
38552
38582
39601
39604
39607
39610
39613
39616
39619
39622
39625
39628
39631
39633
39667
39672
40676
40679
40682
40685
40688
40691
40694
40697
40700
40703
40705
40737
40742
41720
41723
41726
41729
41732
41735
41738
41741
41744
41746
41780
41785
42763
42766
42769
42772
42775
42778
42781
42784
42786
42819
42824
43789
43792
43795
43798
43801
43804
43807
43809
43845
43850
44789
44792
44795
44798
44801
44804
44806
44839
44844
44847
45786
45789
45792
45795
45797
45838
45842
45845
46771
46774
46776
46815
46819
46822
46824
62077
62081
62085
62089
62093
62097
62101
62105
62109
62113
62117
62121
62125
62129
62133
62137
62141
62145
62259
63377
63380
63383
63386
63389
63392
63395
63398
63401
63404
63407
63410
63413
63416
63419
63422
63425
63428
63513
64618
64621
64624
64627
64630
64633
64636
64639
64642
64645
64648
64651
64654
64657
64660
64663
64666
64669
64754
65863
65866
65869
65872
65875
65878
65881
65884
65887
65890
65893
65896
65899
65902
65905
65908
65911
65914
65917
66005
67121
67124
67127
67130
67133
67136
67139
67142
67145
67148
67151
67154
67157
67160
67163
67166
67169
67172
67175
67178
67269
68387
68390
68393
68396
68399
68402
68405
68408
68411
68414
68417
68420
68423
68426
68429
68432
68435
68438
68441
68444
68535
69639
69642
69645
69648
69651
69654
69657
69660
69663
69666
69669
69672
69675
69678
69681
69684
69687
69690
69693
69696
69786
70863
70866
70869
70872
70875
70878
70881
70884
70887
70890
70893
70896
70899
70902
70905
70908
70911
70914
70917
70920
71008
71009
72078
72081
72084
72087
72090
72093
72096
72099
72102
72105
72108
72111
72114
72117
72120
72123
72126
72129
72132
72220
73294
73297
73300
73303
73306
73309
73312
73315
73318
73321
73324
73327
73330
73333
73336
73339
73342
73345
73348
73436
74503
74506
74509
74512
74515
74518
74521
74524
74527
74530
74533
74536
74539
74542
74545
74548
74551
74554
74557
74645
75713
75716
75719
75722
75725
75728
75731
75734
75737
75740
75743
75746
75749
75752
75755
75758
75761
75764
75767
75855
76920
76923
76926
76929
76932
76935
76938
76941
76944
76947
76950
76953
76956
76959
76962
76965
76968
76971
76974
77062
78134
78137
78140
78143
78146
78149
78152
78155
78158
78161
78164
78167
78170
78173
78176
78179
78182
78185
78188
78276
78277
79351
79354
79357
79360
79363
79366
79369
79372
79375
79378
79381
79384
79387
79390
79393
79396
79399
79402
79490
80570
80573
80576
80579
80582
80585
80588
80591
80594
80597
80600
80603
80606
80609
80612
80615
80618
80621
80708
81770
81773
81776
81779
81782
81785
81788
81791
81794
81797
81800
81803
81806
81809
81812
81815
81818
81821
81906
82974
82977
82980
82983
82986
82989
82992
82995
82998
83001
83004
83007
83010
83013
83016
83019
83022
83025
83110
83111
84178
84181
84184
84187
84190
84193
84196
84199
84202
84205
84208
84211
84214
84217
84220
84223
84226
84311
85382
85385
85388
85391
85394
85397
85400
85403
85406
85409
85412
85415
85418
85421
85424
85427
85430
85513
86584
86587
86590
86593
86596
86599
86602
86605
86608
86611
86614
86617
86620
86623
86626
86629
86632
86716
87775
87778
87781
87784
87787
87790
87793
87796
87799
87802
87805
87808
87811
87814
87817
87820
87823
87907
87908
88941
88944
88947
88950
88953
88956
88959
88962
88965
88968
88971
88974
88977
88980
88983
88986
89068
90103
90106
90109
90112
90115
90118
90121
90124
90127
90130
90133
90136
90139
90142
90145
90148
90230
90231
91265
91268
91271
91274
91277
91280
91283
91286
91289
91292
91295
91298
91301
91304
91307
91389
92415
92418
92421
92424
92427
92430
92433
92436
92439
92442
92445
92448
92451
92454
92457
92538
93539
93542
93545
93548
93551
93554
93557
93560
93563
93566
93569
93572
93575
93578
93581
93660
93661
94659
94662
94665
94668
94671
94674
94677
94680
94683
94686
94689
94692
94695
94698
94777
95779
95782
95785
95788
95791
95794
95797
95800
95803
95806
95809
95812
95815
95818
95897
95898
96887
96890
96893
96896
96899
96902
96905
96908
96911
96914
96917
96920
96923
97001
97002
97969
97972
97975
97978
97981
97984
97987
97990
97993
97996
97999
98002
98078
99047
99050
99053
99056
99059
99062
99065
99068
99071
99074
99077
99080
99156
99157
100113
100116
100119
100122
100125
100128
100131
100134
100137
100140
100143
100218
100219
101153
101156
101159
101162
101165
101168
101171
101174
101177
101180
101253
101254
102189
102192
102195
102198
102201
102204
102207
102210
102213
102286
102287
103213
103216
103219
103222
103225
103228
103231
103234
103306
103307
104211
104214
104217
104220
104223
104226
104229
104297
104299
104300
105205
105208
105211
105214
105217
105285
105287
105288
106187
106190
106193
106257
106260
106262
106263
135905
135910
135913
136868
136873
136877
136880
136882
137876
137881
137885
137888
137891
137894
137896
138900
138905
138908
138911
138914
138917
138920
138922
139924
139929
139932
139935
139938
139941
139944
139947
139949
140994
140999
141002
141005
141008
141011
141014
141017
141020
141022
142069
142074
142077
142080
142083
142086
142089
142092
142095
142098
142100
143154
143158
143161
143164
143167
143170
143173
143176
143179
143182
143185
143187
143226
143227
144283
144286
144289
144292
144295
144298
144301
144304
144307
144310
144313
144316
144318
144360
144361
145415
145418
145421
145424
145427
145430
145433
145436
145439
145442
145445
145448
145451
145453
145492
146549
146552
146555
146558
146561
146564
146567
146570
146573
146576
146579
146582
146585
146587
146626
146627
147680
147683
147686
147689
147692
147695
147698
147701
147704
147707
147710
147713
147716
147719
147721
147757
148853
148856
148859
148862
148865
148868
148871
148874
148877
148880
148883
148886
148889
148892
148894
148933
150029
150032
150035
150038
150041
150044
150047
150050
150053
150056
150059
150062
150065
150068
150070
150109
150110
151202
151205
151208
151211
151214
151217
151220
151223
151226
151229
151232
151235
151238
151241
151244
151246
151282
152378
152381
152384
152387
152390
152393
152396
152399
152402
152405
152408
152411
152414
152417
152420
152422
152458
152459
153590
153593
153596
153599
153602
153605
153608
153611
153614
153617
153620
153623
153626
153629
153632
153635
153637
153673
154808
154811
154814
154817
154820
154823
154826
154829
154832
154835
154838
154841
154844
154847
154850
154853
154855
154891
156026
156029
156032
156035
156038
156041
156044
156047
156050
156053
156056
156059
156062
156065
156068
156071
156073
156109
157244
157247
157250
157253
157256
157259
157262
157265
157268
157271
157274
157277
157280
157283
157286
157289
157291
157327
157328
158459
158462
158465
158468
158471
158474
158477
158480
158483
158486
158489
158492
158495
158498
158501
158504
158507
158509
158542
159677
159680
159683
159686
159689
159692
159695
159698
159701
159704
159707
159710
159713
159716
159719
159722
159725
159727
159760
160934
160937
160940
160943
160946
160949
160952
160955
160958
160961
160964
160967
160970
160973
160976
160979
160982
160984
161020
162194
162197
162200
162203
162206
162209
162212
162215
162218
162221
162224
162227
162230
162233
162236
162239
162242
162244
162280
162281
163451
163454
163457
163460
163463
163466
163469
163472
163475
163478
163481
163484
163487
163490
163493
163496
163499
163502
163504
163537
164711
164714
164717
164720
164723
164726
164729
164732
164735
164738
164741
164744
164747
164750
164753
164756
164759
164762
164764
164797
165970
165973
165976
165979
165982
165985
165988
165991
165994
165997
166000
166003
166006
166009
166012
166015
166018
166021
166023
166056
167222
167225
167228
167231
167234
167237
167240
167243
167246
167249
167252
167255
167258
167261
167264
167267
167270
167273
167275
167308
168467
168470
168473
168476
168479
168482
168485
168488
168491
168494
168497
168500
168503
168506
168509
168512
168515
168518
168520
168553
169706
169709
169712
169715
169718
169721
169724
169727
169730
169733
169736
169739
169742
169745
169748
169751
169754
169757
169759
169792
169793
170939
170942
170945
170948
170951
170954
170957
170960
170963
170966
170969
170972
170975
170978
170981
170984
170987
170990
170993
170995
171025
172213
172216
172219
172222
172225
172228
172231
172234
172237
172240
172243
172246
172249
172252
172255
172258
172261
172264
172267
172269
172302
173494
173497
173500
173503
173506
173509
173512
173515
173518
173521
173524
173527
173530
173533
173536
173539
173542
173545
173548
173550
173583
174770
174773
174776
174779
174782
174785
174788
174791
174794
174797
174800
174803
174806
174809
174812
174815
174818
174821
174824
174826
174858
176035
176038
176041
176044
176047
176050
176053
176056
176059
176062
176065
176068
176071
176074
176077
176080
176083
176086
176088
176119
177291
177294
177297
177300
177303
177306
177309
177312
177315
177318
177321
177324
177327
177330
177333
177336
177339
177341
177373
178543
178546
178549
178552
178555
178558
178561
178564
178567
178570
178573
178576
178579
178582
178585
178588
178591
178593
178625
179798
179801
179804
179807
179810
179813
179816
179819
179822
179825
179828
179831
179834
179837
179840
179843
179846
179848
179880
180678
180680
180682
180684
180686
180688
180690
180692
180694
180696
180698
180700
180702
180704
180706
180708
180710
180711
180742
181850
181853
181856
181859
181862
181865
181868
181871
181874
181877
181880
181883
181886
181889
181892
181895
181898
181901
181986
195517
195521
195524
196398
196402
196405
196476
196480
196483
197349
197352
197355
197358
197361
197428
197432
197435
198290
198293
198296
198299
198302
198305
198308
198370
198374
199250
199253
199256
199259
199262
199265
199268
199271
199334
199338
200209
200212
200215
200218
200221
200224
200227
200230
200233
200296
200300
201159
201162
201165
201168
201171
201174
201177
201180
201183
201186
201249
201253
202143
202146
202149
202152
202155
202158
202161
202164
202167
202170
202173
202239
202242
203122
203125
203128
203131
203134
203137
203140
203143
203146
203149
203152
203155
203227
204114
204117
204120
204123
204126
204129
204132
204135
204138
204141
204144
204147
204223
204226
205154
205157
205160
205163
205166
205169
205172
205175
205178
205181
205184
205187
205190
205269
205272
206206
206209
206212
206215
206218
206221
206224
206227
206230
206233
206236
206239
206242
206245
206324
207264
207267
207270
207273
207276
207279
207282
207285
207288
207291
207294
207297
207300
207303
207382
207385
208321
208324
208327
208330
208333
208336
208339
208342
208345
208348
208351
208354
208357
208360
208363
208441
209413
209416
209419
209422
209425
209428
209431
209434
209437
209440
209443
209446
209449
209452
209455
209536
210511
210514
210517
210520
210523
210526
210529
210532
210535
210538
210541
210544
210547
210550
210553
210634
210637
211605
211608
211611
211614
211617
211620
211623
211626
211629
211632
211635
211638
211641
211644
211647
211650
211732
212708
212711
212714
212717
212720
212723
212726
212729
212732
212735
212738
212741
212744
212747
212750
212753
212835
212838
213842
213845
213848
213851
213854
213857
213860
213863
213866
213869
213872
213875
213878
213881
213884
213887
213890
213975
214987
214990
214993
214996
214999
215002
215005
215008
215011
215014
215017
215020
215023
215026
215029
215032
215035
215120
216127
216130
216133
216136
216139
216142
216145
216148
216151
216154
216157
216160
216163
216166
216169
216172
216175
216260
217275
217278
217281
217284
217287
217290
217293
217296
217299
217302
217305
217308
217311
217314
217317
217320
217323
217408
217412
218418
218421
218424
218427
218430
218433
218436
218439
218442
218445
218448
218451
218454
218457
218460
218463
218466
218469
218554
219569
219572
219575
219578
219581
219584
219587
219590
219593
219596
219599
219602
219605
219608
219611
219614
219617
219620
219705
220752
220755
220758
220761
220764
220767
220770
220773
220776
220779
220782
220785
220788
220791
220794
220797
220800
220803
220891
221949
221952
221955
221958
221961
221964
221967
221970
221973
221976
221979
221982
221985
221988
221991
221994
221997
222000
222088
222092
223145
223148
223151
223154
223157
223160
223163
223166
223169
223172
223175
223178
223181
223184
223187
223190
223193
223196
223199
223287
224349
224352
224355
224358
224361
224364
224367
224370
224373
224376
224379
224382
224385
224388
224391
224394
224397
224400
224403
224491
225551
225554
225557
225560
225563
225566
225569
225572
225575
225578
225581
225584
225587
225590
225593
225596
225599
225602
225605
225693
226754
226757
226760
226763
226766
226769
226772
226775
226778
226781
226784
226787
226790
226793
226796
226799
226802
226805
226808
226896
227954
227957
227960
227963
227966
227969
227972
227975
227978
227981
227984
227987
227990
227993
227996
227999
228002
228005
228008
228096
229157
229160
229163
229166
229169
229172
229175
229178
229181
229184
229187
229190
229193
229196
229199
229202
229205
229208
229211
229299
229303
230362
230365
230368
230371
230374
230377
230380
230383
230386
230389
230392
230395
230398
230401
230404
230407
230410
230413
230416
230419
230507
231606
231609
231612
231615
231618
231621
231624
231627
231630
231633
231636
231639
231642
231645
231648
231651
231654
231657
231660
231663
231754
232856
232859
232862
232865
232868
232871
232874
232877
232880
232883
232886
232889
232892
232895
232898
232901
232904
232907
232910
232913
233004
234105
234107
234110
234113
234116
234119
234122
234125
234128
234131
234134
234137
234140
234143
234146
234149
234152
234155
234158
234161
234251
235344
235346
235349
235352
235355
235358
235361
235364
235367
235370
235373
235376
235379
235382
235385
235388
235391
235394
235397
235484
236580
236583
236586
236589
236592
236595
236598
236601
236604
236607
236610
236613
236616
236619
236622
236625
236628
236631
236716
237811
237814
237817
237820
237823
237826
237829
237832
237835
237838
237841
237844
237847
237850
237853
237856
237859
237862
237947
239046
239049
239052
239055
239058
239061
239064
239067
239070
239073
239076
239079
239082
239085
239088
239091
239094
239097
239182
239917
239919
239921
239923
239925
239927
239929
239931
239933
239935
239937
239939
239941
239943
239945
239947
239949
239951
240007
240097
240212
240327
240439
240542
240643
240746
240849
240952
241055
241158
241261
241364
241479
241574
241660
241746
241829
241901
241972
242048
242125
242202
242279
242356
242433
242510
242596
242682
242768
242853
242930
242998
243068
243142
243219
243296
243373
243450
243527
243604
243690
243779
243862
243940
244015
244084
244152
244226
244303
244380
244457
244534
244611
244688
244774
244860
244942
245023
245102
245173
245244
245318
245395
245475
245555
245635
245715
245795
245884
245973
246060
246146
246226
246297
246368
246441
246518
246598
246678
246758
246838
246918
247011
247097
247186
247270
247351
247424
247496
247567
247644
247724
247804
247884
247964
248044
248137
248225
248314
248398
248480
248553
248626
248699
248774
248853
248935
249017
249099
249181
249273
249356
249361
249444
249449
249527
249532
249605
249610
249676
249681
249748
249753
249820
249825
249891
249896
249968
249973
250048
250053
250128
250133
250208
250213
250288
250293
250378
250382
250470
250558
250639
250718
250793
250869
250943
251017
251094
251174
251257
251340
251423
251513
251599
251687
251768
251850
251933
252014
252095
252177
252260
252342
252428
252517
252607
252697
252786
252875
252959
253042
253123
253204
253286
253369
253450
253532
253617
253706
253796
253886
253972
254062
254148
254229
254311
254394
254477
254558
254640
254723
254806
254895
254985
255075
255164
255254
255341
255423
255506
255587
255668
255750
255833
255914
255997
256086
256176
256266
256352
256357
256442
256447
256531
256536
256615
256620
256696
256701
256777
256782
256859
256864
256942
256947
257023
257028
257104
257109
257187
257192
257275
257280
257365
257370
257455
257459
257550
257640
257729
257813
257894
257976
258059
258140
258221
258303
258387
258473
258563
258653
258741
258830
258918
259001
259082
259164
259244
259324
259405
259487
259568
259653
259742
259831
259920
260007
260093
260175
260255
260333
260411
260490
260570
260648
260727
260809
260895
260982
261068
261073
261155
261160
261242
261247
261327
261332
261405
261410
261484
261489
261564
261569
261644
261649
261722
261727
261801
261806
261881
261886
261961
261966
262047
262052
262134
262138
262229
262316
262403
262488
262567
262647
262725
262803
262882
262962
263040
263120
263206
263293
263382
263469
263556
263643
263726
263804
263882
263961
264041
264119
264197
264277
264362
264449
264541
264628
264715
264802
264886
264964
265043
265123
265201
265279
265358
265439
265522
265609
265697
265702
265783
265788
265869
265874
265955
265960
266039
266044
266117
266122
266196
266201
266273
266278
266350
266355
266428
266433
266507
266512
266585
266590
266667
266672
266753
266757
266848
266932
267016
267100
267183
267261
267336
267411
267487
267564
267639
267715
267794
267877
267966
267971
268050
268055
268134
268139
268218
268223
268302
268307
268383
268388
268459
268464
268536
268541
268613
268618
268688
268693
268764
268769
268841
268846
268918
268923
269001
269005
269099
269183
269267
269351
269435
269518
269596
269671
269746
269822
269899
269974
270051
270134
270225
270308
270391
270474
270557
270640
270719
270793
270868
270944
271018
271092
271168
271249
271337
271342
271418
271423
271499
271504
271580
271585
271661
271666
271742
271747
271821
271826
271894
271899
271968
271973
272040
272045
272112
272117
272185
272190
272260
272265
272337
272341
272429
272510
272591
272672
272753
272834
272915
272992
273064
273136
273209
273283
273356
273433
273521
273526
273602
273607
273683
273688
273764
273769
273845
273850
273926
273931
274007
274012
274086
274091
274158
274163
274231
274236
274305
274310
274377
274382
274450
274455
274526
274530
274616
274621
274696
274701
274776
274781
274856
274861
274936
274941
275016
275021
275096
275101
275176
275181
275253
275258
275326
275331
275397
275402
275469
275474
275542
275547
275615
275619
275706
275784
275862
275940
276018
276096
276174
276252
276329
276401
276471
276542
276611
276682
276768
276773
276846
276851
276924
276929
277002
277007
277080
277085
277158
277163
277236
277241
277314
277319
277392
277397
277469
277474
277544
277549
277616
277621
277689
277694
277767
277771
277857
277862
277934
277939
278011
278016
278088
278093
278165
278170
278242
278247
278319
278324
278396
278401
278473
278478
278550
278555
278627
278632
278704
278709
278781
278786
278858
278862
278947
278952
279022
279027
279097
279102
279172
279177
279247
279252
279322
279327
279397
279402
279472
279477
279547
279552
279622
279627
279697
279702
279772
279777
279847
279852
279922
279926
280013
280018
280088
280093
280163
280168
280238
280243
280313
280318
280388
280393
280463
280468
280538
280543
280613
280618
280688
280693
280763
280768
280838
280843
280913
280918
280988
280992
281079
281084
281153
281158
281227
281232
281301
281306
281375
281380
281449
281454
281523
281528
281597
281602
281671
281676
281745
281750
281819
281824
281893
281898
281967
281972
282041
282045
282132
282137
282140
282204
282209
282212
282276
282281
282284
282348
282353
282356
282420
282425
282428
282492
282497
282500
282564
282569
282572
282636
282641
282644
282708
282713
282716
282780
282785
282788
282852
282857
282860
282924
282929
282932
282996
283001
283004
283068
283072
283075
283163
283168
283171
283235
283240
283243
283307
283312
283315
283379
283384
283387
283451
283456
283459
283523
283528
283531
283595
283600
283603
283667
283672
283675
283739
283744
283747
283811
283816
283819
283883
283888
283891
283955
283960
283963
284027
284032
284035
284099
284103
284106
284198
284203
284206
284208
284269
284274
284277
284279
284340
284345
284348
284350
284411
284416
284419
284421
284482
284487
284490
284492
284553
284558
284561
284563
284624
284629
284632
284634
284695
284700
284703
284705
284766
284771
284774
284776
284837
284842
284845
284847
284908
284913
284916
284918
284979
284984
284987
284989
285050
285055
285058
285060
285121
285125
285128
285130
299857
299972
300084
300187
300290
300393
300471
300522
300625
300728
300831
300934
301049
301164
301262
301348
301431
301508
301585
301650
301689
301766
301843
301920
301997
302074
302160
302246
302332
302418
302501
302578
302655
302719
302757
302834
302911
302988
303065
303142
303228
303314
303403
303492
303578
303658
303737
303795
303833
303913
303993
304073
304153
304233
304322
304411
304503
304595
304683
304763
304836
304882
304962
305042
305122
305202
305282
305362
305454
305547
305639
305731
305819
305899
305966
306007
306087
306167
306247
306327
306407
306487
306579
306672
306764
306855
306943
307024
307077
307117
307199
307281
307363
307445
307527
307609
307700
307792
307883
307885
307972
307974
308058
308060
308124
308126
308162
308164
308242
308244
308322
308324
308402
308404
308482
308484
308562
308564
308642
308644
308722
308724
308811
308813
308901
308902
308987
309076
309163
309233
309275
309358
309441
309524
309607
309690
309773
309856
309945
310035
310129
310218
310307
310373
310424
310513
310602
310691
310779
310864
310947
311036
311125
311215
311308
311397
311475
311529
311618
311707
311796
311885
311974
312061
312144
312233
312322
312412
312509
312598
312676
312730
312819
312908
312997
313086
313175
313262
313345
313434
313523
313613
313709
313798
313870
313927
314016
314105
314194
314283
314372
314459
314541
314627
314716
314806
314906
314908
314988
314990
315051
315053
315140
315142
315229
315231
315318
315320
315407
315409
315496
315498
315585
315587
315673
315675
315757
315759
315839
315841
315928
315930
316018
316019
316114
316195
316258
316347
316436
316525
316614
316703
316792
316880
316964
317046
317134
317224
317327
317402
317465
317553
317641
317729
317817
317905
317993
318080
318164
318246
318330
318419
318515
318582
318668
318754
318840
318926
319012
319098
319184
319270
319354
319433
319515
319602
319700
319702
319769
319771
319855
319857
319941
319943
320027
320029
320113
320115
320199
320201
320285
320287
320371
320373
320457
320459
320541
320543
320619
320621
320700
320702
320787
320788
320880
320952
321038
321124
321210
321296
321382
321468
321554
321640
321724
321803
321883
321969
322066
322152
322238
322324
322410
322496
322582
322668
322754
322840
322925
323006
323084
323167
323266
323352
323438
323524
323610
323696
323782
323868
323954
324040
324125
324206
324284
324366
324473
324475
324558
324560
324643
324645
324728
324730
324813
324815
324898
324900
324983
324985
325068
325070
325153
325155
325238
325240
325322
325324
325403
325405
325481
325483
325560
325561
325664
325747
325830
325913
325996
326079
326162
326245
326328
326411
326494
326575
326650
326727
326835
326837
326918
326920
327001
327003
327084
327086
327167
327169
327250
327252
327333
327335
327416
327418
327499
327501
327582
327584
327665
327667
327746
327748
327821
327823
327896
327897
327998
328081
328164
328247
328330
328413
328496
328579
328662
328745
328828
328909
328985
329061
329166
329248
329330
329412
329494
329576
329658
329740
329822
329904
329986
330067
330144
330217
330320
330322
330400
330402
330480
330482
330560
330562
330640
330642
330720
330722
330800
330802
330880
330882
330960
330962
331040
331042
331120
331122
331199
331201
331274
331276
331346
331347
331454
331534
331614
331694
331774
331854
331934
332014
332094
332174
332254
332333
332409
332483
332594
332596
332674
332676
332754
332756
332834
332836
332914
332916
332994
332996
333074
333076
333154
333156
333234
333236
333314
333316
333394
333396
333474
333476
333552
333554
333625
333626
333737
333739
333816
333818
333895
333897
333974
333976
334053
334055
334132
334134
334211
334213
334290
334292
334369
334371
334448
334450
334527
334529
334606
334608
334683
334685
334762
334763
334872
334949
335026
335103
335180
335257
335334
335411
335488
335565
335642
335719
335796
335873
335984
335986
336061
336063
336138
336140
336215
336217
336292
336294
336369
336371
336446
336448
336523
336525
336600
336602
336677
336679
336754
336756
336831
336833
336908
336910
336985
336987
337063
337064
337101
337103
337177
337179
337253
337255
337329
337331
337405
337407
337481
337483
337557
337559
337633
337635
337709
337711
337785
337787
337861
337863
337937
337939
338013
338015
338089
338091
338166
338167
338202
338204
338276
338278
338350
338352
338424
338426
338498
338500
338572
338574
338646
338648
338720
338722
338794
338796
338868
338870
338942
338944
339016
339018
339090
339092
339164
339166
339239
339240
339275
339277
339349
339351
339423
339425
339497
339499
339571
339573
339645
339647
339719
339721
339793
339795
339867
339869
339941
339943
340015
340017
340089
340091
340163
340165
340237
340239
340312
340313
340352
340354
340425
340427
340498
340500
340571
340573
340644
340646
340717
340719
340790
340792
340863
340865
340936
340938
341009
341011
341082
341084
341155
341157
341228
341230
341301
341303
341375
341376
341413
341414
341416
341484
341485
341487
341555
341556
341558
341626
341627
341629
341697
341698
341700
341768
341769
341771
341839
341840
341842
341910
341911
341913
341981
341982
341984
342052
342053
342055
342123
342124
342126
342194
342195
342197
342265
342266
342268
342336
342337
342339
342407
342409
342410
342448
342449
342451
342519
342520
342522
342590
342591
342593
342661
342662
342664
342732
342733
342735
342803
342804
342806
342874
342875
342877
342945
342946
342948
343016
343017
343019
343087
343088
343090
343158
343159
343161
343229
343230
343232
343300
343301
343303
343371
343372
343374
343442
343444
343445
343479
343482
343483
343485
343549
343552
343553
343555
343619
343622
343623
343625
343689
343692
343693
343695
343759
343762
343763
343765
343829
343832
343833
343835
343899
343902
343903
343905
343969
343972
343973
343975
344039
344042
344043
344045
344109
344112
344113
344115
344179
344182
344183
344185
344249
344252
344253
344255
344319
344322
344323
344325
344389
344392
344393
344395
344458
344462
344464
344465
373330
373333
373335
373398
373401
373403
373467
373470
373472
373536
373539
373541
373605
373608
373610
373674
373677
373679
373743
373746
373748
373812
373815
373817
373881
373884
373886
373950
373953
373955
374019
374022
374024
374088
374091
374093
374157
374160
374162
374225
374228
374230
374288
374290
374291
374332
374333
374335
374400
374401
374403
374472
374473
374475
374544
374545
374547
374616
374617
374619
374688
374689
374691
374760
374761
374763
374832
374833
374835
374904
374905
374907
374976
374977
374979
375048
375049
375051
375120
375121
375123
375192
375193
375195
375264
375265
375266
375334
375339
375340
375373
375374
375376
375433
375434
375436
375505
375506
375508
375577
375578
375580
375649
375650
375652
375721
375722
375724
375793
375794
375796
375865
375866
375868
375937
375938
375940
376009
376010
376012
376081
376082
376084
376153
376154
376156
376225
376226
376228
376297
376298
376300
376368
376370
376371
376377
376378
376405
376407
376459
376461
376531
376533
376603
376605
376675
376677
376747
376749
376819
376821
376891
376893
376963
376965
377035
377037
377107
377109
377179
377181
377251
377253
377323
377325
377395
377396
377411
377433
377435
377485
377487
377560
377562
377635
377637
377710
377712
377785
377787
377860
377862
377935
377937
378010
378012
378085
378087
378160
378162
378235
378237
378310
378312
378385
378387
378460
378461
378478
378496
378498
378545
378547
378620
378622
378695
378697
378770
378772
378845
378847
378920
378922
378995
378997
379070
379072
379145
379147
379220
379222
379295
379297
379370
379372
379445
379447
379520
379521
379545
379558
379560
379604
379606
379679
379681
379754
379756
379829
379831
379904
379906
379978
379980
380053
380055
380128
380130
380203
380205
380278
380280
380353
380355
380428
380430
380503
380505
380578
380579
380605
380614
380616
380660
380662
380738
380740
380816
380818
380894
380896
380966
380968
381038
381040
381112
381114
381189
381191
381267
381269
381345
381347
381423
381425
381501
381503
381579
381581
381657
381658
381691
381695
381737
381815
381893
381967
382037
382108
382178
382251
382329
382407
382485
382563
382641
382719
382795
382797
382873
382875
382950
382952
383023
383025
383094
383096
383163
383165
383232
383234
383303
383305
383378
383380
383456
383458
383534
383536
383612
383614
383690
383692
383768
383769
383847
383849
383928
383930
384009
384011
384087
384089
384159
384161
384231
384233
384304
384306
384378
384380
384452
384454
384532
384534
384613
384615
384694
384696
384775
384777
384856
384857
384934
385015
385096
385174
385246
385319
385393
385465
385538
385615
385696
385777
385858
385939
386020
386022
386101
386103
386182
386184
386260
386262
386333
386335
386407
386409
386479
386481
386551
386553
386624
386626
386700
386702
386780
386782
386861
386863
386942
386944
387023
387024
387101
387182
387263
387342
387417
387489
387562
387636
387710
387783
387860
387941
388022
388103
388187
388271
388355
388438
388516
388592
388669
388744
388819
388895
388974
389058
389142
389226
389310
389312
389394
389396
389478
389480
389561
389563
389640
389642
389717
389719
389792
389794
389867
389869
389943
389945
390020
390022
390096
390098
390178
390180
390262
390264
390346
390347
390427
390511
390595
390679
390760
390835
390910
390986
391063
391138
391214
391294
391378
391462
391546
391548
391630
391632
391714
391716
391798
391800
391879
391881
391954
391956
392030
392032
392107
392109
392182
392184
392257
392259
392333
392335
392412
392414
392496
392498
392580
392581
392664
392751
392838
392925
393009
393088
393168
393246
393324
393403
393483
393562
393647
393734
393821
393908
393995
394082
394167
394248
394326
394405
394485
394565
394643
394722
394804
394891
394978
395065
395152
395239
395325
395406
395485
395565
395643
395721
395800
395880
395960
396047
396134
396136
396221
396223
396308
396310
396395
396397
396481
396483
396563
396565
396643
396645
396721
396723
396799
396801
396878
396880
396958
396960
397036
397038
397116
397118
397203
397204
397287
397374
397461
397548
397635
397719
397797
397875
397954
398034
398112
398190
398270
398355
398442
398529
398616
398703
398790
398874
398952
399031
399111
399189
399267
399346
399426
399508
399598
399688
399778
399868
399958
400045
400127
400210
400291
400372
400454
400537
400618
400701
400791
400793
400881
400883
400971
400973
401061
401063
401151
401153
401239
401241
401323
401325
401404
401406
401486
401488
401569
401571
401652
401654
401733
401735
401815
401817
401899
401900
401986
402076
402166
402256
402346
402435
402519
402601
402684
402765
402846
402928
403011
403093
403181
403271
403361
403451
403541
403630
403715
403798
403879
403960
404042
404125
404206
404288
404374
404464
404554
404644
404734
404824
404911
404992
405073
405155
405238
405319
405400
405482
405567
405657
405747
405837
405927
406017
406104
406185
406267
406350
406431
406512
406594
406677
406760
406850
406940
407030
407118
407206
407291
407373
407455
407533
407612
407692
407773
407854
407937
407939
408027
408029
408117
408119
408205
408207
408287
408289
408369
408371
408451
408453
408532
408534
408610
408612
408683
408685
408757
408759
408832
408834
408905
408907
408987
408988
409068
409158
409248
409335
409415
409495
409575
409655
409734
409809
409878
409949
410021
410104
410189
410282
410375
410465
410547
410629
410711
410793
410874
410952
411024
411098
411173
411257
411342
411435
411528
411617
411697
411777
411857
411937
412017
412095
412168
412240
412311
412395
412480
412572
412664
412752
412832
412912
412992
413072
413152
413231
413306
413375
413446
413530
413615
413703
413791
413876
413955
414034
414113
414192
414271
414349
414424
414493
414564
414645
414724
414810
414896
414979
415056
415133
415210
415287
415364
415441
415517
415589
415659
415740
415826
415912
415998
416081
416158
416235
416312
416389
416466
416543
416619
416691
416768
416854
416940
417026
417112
417195
417272
417349
417426
417503
417580
417657
417734
417811
417888
417974
418050
418107
418164
418218
418269
418320
418371
418422
418473
418524
418575
418626
418677
418734
418837
418923
419006
419083
419160
419237
419301
419339
419416
419493
419570
419647
419733
419819
433210
433213
433216
433278
433281
433284
433346
433349
433352
433414
433417
433420
433481
433484
433487
433548
433551
433554
433615
433618
433621
433682
433685
433688
433749
433752
433755
433816
433819
433822
433883
433886
433889
433950
433953
433956
434017
434020
434023
434083
434087
434090
434155
434160
434163
434224
434229
434232
434293
434298
434301
434361
434366
434369
434426
434431
434434
434491
434496
434499
434556
434561
434564
434621
434626
434629
434686
434691
434694
434751
434756
434759
434816
434821
434824
434881
434886
434889
434946
434951
434954
435012
435016
435019
435081
435086
435089
435145
435150
435153
435208
435213
435216
435270
435275
435278
435331
435336
435339
435392
435397
435400
435453
435458
435461
435514
435519
435522
435575
435580
435583
435636
435641
435644
435697
435702
435705
435758
435763
435766
435819
435824
435827
435881
435885
435888
435946
435951
436007
436012
436068
436073
436129
436134
436190
436195
436251
436256
436312
436317
436373
436378
436434
436439
436495
436500
436556
436561
436617
436622
436678
436683
436740
436744
436804
436809
436865
436870
436929
436934
436993
436998
437057
437062
437121
437126
437185
437190
437249
437254
437313
437318
437377
437382
437441
437446
437505
437510
437569
437574
437634
437638
437696
437701
437757
437762
437821
437826
437885
437890
437949
437954
438013
438018
438077
438082
438141
438146
438205
438210
438269
438274
438333
438338
438397
438402
438461
438466
438526
438530
438591
438596
438658
438663
438724
438729
438788
438793
438852
438857
438916
438921
438980
438985
439044
439049
439108
439113
439172
439177
439236
439241
439300
439305
439364
439369
439429
439432
439498
439503
439568
439573
439638
439643
439711
439716
439784
439789
439861
439866
439938
439943
440015
440020
440092
440097
440169
440174
440246
440251
440323
440328
440400
440405
440478
440481
440552
440629
440704
440781
440858
440935
441012
441089
441166
441243
441320
441397
441474
441552
441629
441634
441703
441708
441777
441782
441854
441859
441931
441936
442008
442013
442085
442090
442162
442167
442239
442244
442316
442321
442393
442398
442470
442475
442547
442552
442624
442627
442702
442707
442775
442780
442851
442856
442931
442936
443011
443016
443091
443096
443171
443176
443251
443256
443331
443336
443411
443416
443491
443496
443571
443576
443651
443656
443731
443734
443810
443883
443957
444037
444117
444197
444277
444357
444437
444517
444597
444677
444757
444837
444913
444918
444984
444989
445058
445063
445138
445143
445218
445223
445298
445303
445378
445383
445458
445463
445538
445543
445618
445623
445698
445703
445778
445783
445858
445863
445938
445941
446011
446082
446156
446235
446315
446395
446475
446555
446635
446715
446795
446875
446955
447035
447112
447187
447264
447344
447427
447510
447593
447676
447759
447842
447925
448008
448091
448174
448251
448256
448327
448332
448402
448407
448482
448487
448565
448570
448648
448653
448731
448736
448814
448819
448897
448902
448980
448985
449063
449068
449146
449151
449229
449234
449312
449315
449393
449467
449542
449621
449704
449787
449870
449953
450036
450119
450202
450285
450368
450451
450532
450537
450607
450612
450683
450688
450760
450765
450843
450848
450926
450931
451009
451014
451092
451097
451175
451180
451258
451263
451341
451346
451424
451429
451507
451512
451590
451593
451675
451755
451832
451912
451998
452084
452170
452256
452342
452428
452514
452600
452686
452772
452858
452940
453017
453097
453182
453268
453354
453440
453526
453612
453698
453784
453870
453956
454039
454123
454201
454281
454364
454450
454536
454622
454708
454794
454880
454966
455052
455136
455218
455223
455303
455308
455383
455388
455461
455466
455544
455549
455630
455635
455716
455721
455802
455807
455888
455893
455974
455979
456060
456065
456146
456151
456232
456237
456314
456318
456401
456486
456566
456644
456726
456812
456898
456984
457070
457156
457242
457328
457413
457488
457570
457656
457740
457819
457899
457985
458071
458157
458243
458329
458415
458501
458581
458650
458737
458826
458913
458993
459076
459165
459254
459343
459432
459521
459610
459699
459779
459849
459934
459939
460023
460028
460111
460116
460194
460199
460277
460282
460365
460370
460454
460459
460543
460548
460632
460637
460721
460726
460810
460815
460896
460901
460965
460970
461054
461058
461144
461233
461321
461405
461488
461574
461663
461752
461841
461930
462019
462100
462164
462253
462338
462427
462516
462603
462684
462770
462859
462948
463037
463126
463215
463290
463353
463442
463529
463618
463707
463794
463875
463960
464049
464138
464227
464316
464400
464461
464550
464639
464724
464813
464902
464991
465076
465159
465248
465337
465426
465515
465593
465648
465737
465826
465913
466002
466091
466178
466262
466345
466432
466519
466606
466693
466760
466812
466901
466990
467075
467080
467164
467169
467251
467256
467333
467338
467415
467420
467497
467502
467579
467584
467661
467666
467743
467748
467817
467822
467863
467868
467945
467950
468034
468039
468123
468127
468213
468302
468388
468468
468548
468628
468708
468788
468868
468934
468972
469052
469141
469230
469318
469410
469499
469581
469663
469745
469827
469909
469991
470050
470091
470173
470265
470357
470447
470539
470627
470707
470787
470867
470947
471027
471098
471142
471222
471302
471394
471486
471573
471664
471751
471831
471911
471991
472071
472151
472218
472259
472339
472419
472510
472601
472687
472775
472860
472939
473018
473097
473176
473255
473316
473357
473436
473515
473603
473691
473773
473859
473942
474019
474096
474173
474250
474322
474368
474445
474522
474599
474685
474771
474855
474941
475024
475101
475178
475255
475332
475396
475434
475511
475588
475665
475751
475837
475919
476005
476088
476165
476242
476319
476396
476450
476488
476565
476642
476719
476805
476891
476956
477013
477067
477118
477169
477220
477261
477288
477339
477390
477441
477492
477549
477606
477693
477808
477813
477817
477821
477825
477829
477833
477837
477841
477845
477849
477853
477857
477861
477865
477869
477873
477877
477880
478286
478372
478376
478379
478382
478385
478388
478391
478394
478397
478400
478403
478406
478409
478412
478415
478418
478421
478424
478426
478742
478828
478832
478835
478838
478841
478844
478847
478850
478853
478856
478859
478862
478865
478868
478871
478874
478877
478880
478882
479197
479283
479287
479290
479293
479296
479299
479302
479305
479308
479311
479314
479317
479320
479323
479326
479329
479332
479335
479337
479653
479742
479746
479749
479752
479755
479758
479761
479764
479767
479770
479773
479776
479779
479782
479785
479788
479791
479794
479797
479799
480126
480219
480223
480226
480229
480232
480235
480238
480241
480244
480247
480250
480253
480256
480259
480262
480265
480268
480271
480274
480277
480279
480617
480710
480714
480717
480720
480723
480726
480729
480732
480735
480738
480741
480744
480747
480750
480753
480756
480759
480762
480765
480768
480770
481106
481198
481202
481205
481208
481211
481214
481217
481220
481223
481226
481229
481232
481235
481238
481241
481244
481247
481250
481253
481256
481258
481587
481592
481677
481681
481682
481684
481687
481690
481693
481696
481699
481702
481705
481708
481711
481714
481717
481720
481723
481726
481729
481732
481735
481737
482062
482151
482155
482158
482161
482164
482167
482170
482173
482176
482179
482182
482185
482188
482191
482194
482197
482200
482203
482206
482208
482531
482620
482624
482627
482630
482633
482636
482639
482642
482645
482648
482651
482654
482657
482660
482663
482666
482669
482672
482675
482677
482999
483088
483092
483095
483098
483101
483104
483107
483110
483113
483116
483119
483122
483125
483128
483131
483134
483137
483140
483143
483145
483465
483554
483558
483561
483564
483567
483570
483573
483576
483579
483582
483585
483588
483591
483594
483597
483600
483603
483606
483609
483611
483930
484019
484023
484026
484029
484032
484035
484038
484041
484044
484047
484050
484053
484056
484059
484062
484065
484068
484071
484074
484076
484393
484398
484482
484486
484487
484489
484492
484495
484498
484501
484504
484507
484510
484513
484516
484519
484522
484525
484528
484531
484534
484537
484539
484858
484947
484951
484954
484957
484960
484963
484966
484969
484972
484975
484978
484981
484984
484987
484990
484993
484996
484999
485001
485317
485405
485409
485412
485415
485418
485421
485424
485427
485430
485433
485436
485439
485442
485445
485448
485451
485454
485457
485459
485769
485855
485859
485862
485865
485868
485871
485874
485877
485880
485883
485886
485889
485892
485895
485898
485901
485904
485907
485909
486211
486216
486297
486301
486302
486304
486307
486310
486313
486316
486319
486322
486325
486328
486331
486334
486337
486340
486343
486346
486349
486351
486655
486741
486745
486748
486751
486754
486757
486760
486763
486766
486769
486772
486775
486778
486781
486784
486787
486790
486792
487094
487180
487184
487187
487190
487193
487196
487199
487202
487205
487208
487211
487214
487217
487220
487223
487226
487229
487231
487532
487618
487622
487625
487628
487631
487634
487637
487640
487643
487646
487649
487652
487655
487658
487661
487664
487667
487669
487967
487972
488052
488056
488057
488059
488062
488065
488068
488071
488074
488077
488080
488083
488086
488089
488092
488095
488098
488101
488103
488398
488481
488485
488488
488491
488494
488497
488500
488503
488506
488509
488512
488515
488518
488521
488524
488527
488529
488817
488822
488900
488904
488905
488907
488910
488913
488916
488919
488922
488925
488928
488931
488934
488937
488940
488943
488946
488948
489239
489322
489326
489329
489332
489335
489338
489341
489344
489347
489350
489353
489356
489359
489362
489365
489367
489657
489739
489743
489746
489749
489752
489755
489758
489761
489764
489767
489770
489773
489776
489779
489782
489784
490069
490074
490149
490153
490154
490156
490159
490162
490165
490168
490171
490174
490177
490180
490183
490186
490189
490192
490194
490476
490556
490560
490563
490566
490569
490572
490575
490578
490581
490584
490587
490590
490593
490596
490598
490880
490885
490960
490964
490965
490967
490970
490973
490976
490979
490982
490985
490988
490991
490994
490997
491000
491002
491286
491291
491365
491369
491370
491372
491375
491378
491381
491384
491387
491390
491393
491396
491399
491402
491404
491686
491763
491767
491770
491773
491776
491779
491782
491785
491788
491791
491794
491797
491799
492075
492080
492152
492156
492157
492159
492162
492165
492168
492171
492174
492177
492180
492183
492186
492188
492466
492471
492542
492546
492547
492549
492552
492555
492558
492561
492564
492567
492570
492573
492575
492851
492856
492925
492929
492930
492932
492935
492938
492941
492944
492947
492950
492953
492955
493228
493233
493302
493306
493307
493309
493312
493315
493318
493321
493324
493327
493329
493604
493609
493677
493681
493682
493684
493687
493690
493693
493696
493699
493701
493974
493979
493982
494045
494049
494050
494052
494053
494055
494058
494061
494064
494066
494339
494344
494347
494410
494414
494415
494417
494418
494420
494423
494425
494703
494708
494711
494713
494773
494777
494778
494780
494781
494782
494783
538220
538224
538228
538232
538237
538241
538452
538500
538503
538506
538509
538512
538515
538518
538522
538526
538530
538534
538538
538542
538546
538550
538554
538558
538561
538562
538971
539007
539010
539013
539016
539019
539022
539025
539028
539031
539034
539037
539040
539043
539046
539049
539052
539055
539057
539058
539401
539437
539440
539443
539446
539449
539452
539455
539458
539461
539464
539467
539470
539473
539476
539479
539482
539485
539487
539488
539834
539870
539873
539876
539879
539882
539885
539888
539891
539894
539897
539900
539903
539906
539909
539912
539915
539918
539921
539923
539924
540282
540318
540321
540324
540327
540330
540333
540336
540339
540342
540345
540348
540351
540354
540357
540360
540363
540366
540369
540372
540374
540375
540742
540778
540781
540784
540787
540790
540793
540796
540799
540802
540805
540808
540811
540814
540817
540820
540823
540826
540829
540832
540834
540835
541202
541237
541240
541243
541246
541249
541252
541255
541258
541261
541264
541267
541270
541273
541276
541279
541282
541285
541288
541291
541293
541294
541656
541658
541689
541692
541695
541698
541701
541704
541707
541710
541713
541716
541719
541722
541725
541728
541731
541734
541737
541740
541743
541745
541746
541747
542095
542131
542134
542137
542140
542143
542146
542149
542152
542155
542158
542161
542164
542167
542170
542173
542176
542179
542182
542184
542185
542536
542572
542575
542578
542581
542584
542587
542590
542593
542596
542599
542602
542605
542608
542611
542614
542617
542620
542623
542625
542626
542975
543011
543014
543017
543020
543023
543026
543029
543032
543035
543038
543041
543044
543047
543050
543053
543056
543059
543062
543064
543065
543413
543449
543452
543455
543458
543461
543464
543467
543470
543473
543476
543479
543482
543485
543488
543491
543494
543497
543500
543502
543503
543849
543885
543888
543891
543894
543897
543900
543903
543906
543909
543912
543915
543918
543921
543924
543927
543930
543933
543936
543938
543939
544284
544286
544320
544323
544326
544329
544332
544335
544338
544341
544344
544347
544350
544353
544356
544359
544362
544365
544368
544371
544373
544374
544375
544714
544753
544756
544759
544762
544765
544768
544771
544774
544777
544780
544783
544786
544789
544792
544795
544798
544801
544803
544804
545146
545184
545187
545190
545193
545196
545199
545202
545205
545208
545211
545214
545217
545220
545223
545226
545229
545232
545234
545235
545571
545607
545610
545613
545616
545619
545622
545625
545628
545631
545634
545637
545640
545643
545646
545649
545652
545655
545657
545658
545985
545987
546021
546024
546027
546030
546033
546036
546039
546042
546045
546048
546051
546054
546057
546060
546063
546066
546069
546071
546072
546073
546394
546433
546436
546439
546442
546445
546448
546451
546454
546457
546460
546463
546466
546469
546472
546475
546478
546480
546481
546805
546844
546847
546850
546853
546856
546859
546862
546865
546868
546871
546874
546877
546880
546883
546886
546889
546891
546892
547214
547253
547256
547259
547262
547265
547268
547271
547274
547277
547280
547283
547286
547289
547292
547295
547298
547300
547301
547622
547624
547660
547663
547666
547669
547672
547675
547678
547681
547684
547687
547690
547693
547696
547699
547702
547705
547707
547708
547709
548020
548059
548062
548065
548068
548071
548074
548077
548080
548083
548086
548089
548092
548095
548098
548101
548103
548104
548410
548412
548449
548452
548455
548458
548461
548464
548467
548470
548473
548476
548479
548482
548485
548488
548491
548493
548494
548495
548795
548837
548840
548843
548846
548849
548852
548855
548858
548861
548864
548867
548870
548873
548876
548878
548879
549182
549223
549226
549229
549232
549235
549238
549241
549244
549247
549250
549253
549256
549259
549262
549264
549265
549562
549564
549601
549604
549607
549610
549613
549616
549619
549622
549625
549628
549631
549634
549637
549640
549642
549643
549644
549928
549970
549973
549976
549979
549982
549985
549988
549991
549994
549997
550000
550003
550006
550008
550009
550295
550297
550337
550340
550343
550346
550349
550352
550355
550358
550361
550364
550367
550370
550373
550375
550376
550377
550659
550661
550703
550706
550709
550712
550715
550718
550721
550724
550727
550730
550733
550736
550738
550739
550740
551018
551061
551064
551067
551070
551073
551076
551079
551082
551085
551088
551091
551093
551094
551407
551410
551413
551416
551419
551422
551425
551428
551431
551434
551437
551439
551440
551441
551752
551755
551758
551761
551764
551767
551770
551773
551776
551779
551781
551782
551783
552090
552093
552096
552099
552102
552105
552108
552111
552114
552116
552117
552118
552418
552421
552424
552427
552430
552433
552436
552439
552441
552442
552443
552744
552747
552750
552753
552756
552759
552762
552764
552765
552766
553062
553065
553068
553071
553074
553077
553078
553079
553080
553081
553371
553374
553377
553380
553381
553382
553383
553384
553677
553678
553680
553681
553682
553683
553684
603743
603746
603748
603811
603814
603816
603880
603883
603885
604124
604126
604194
604195
604197
604266
604267
604269
604271
604274
604276
604595
604596
604598
604667
604668
604670
604672
604675
604678
604681
604683
604994
604996
605066
605068
605070
605073
605076
605079
605082
605085
605087
605401
605403
605476
605478
605480
605483
605486
605489
605492
605495
605498
605500
605820
605822
605895
605897
605899
605902
605905
605908
605911
605914
605917
605920
605922
606242
606244
606317
606319
606321
606324
606327
606330
606333
606336
606339
606342
606345
606347
606664
606666
606742
606744
606746
606749
606752
606755
606758
606761
606764
606767
606770
606773
606775
607104
607182
607186
607189
607192
607195
607198
607201
607204
607207
607210
607213
607216
607218
607545
607547
607623
607625
607627
607630
607633
607636
607639
607642
607645
607648
607651
607654
607657
607659
607990
607992
608071
608073
608075
608078
608081
608084
608087
608090
608093
608096
608099
608102
608105
608108
608110
608449
608530
608534
608537
608540
608543
608546
608549
608552
608555
608558
608561
608564
608567
608570
608572
608915
608917
608996
608998
609000
609003
609006
609009
609012
609015
609018
609021
609024
609027
609030
609033
609036
609038
609377
609458
609462
609465
609468
609471
609474
609477
609480
609483
609486
609489
609492
609495
609498
609501
609503
609849
609933
609937
609940
609943
609946
609949
609952
609955
609958
609961
609964
609967
609970
609973
609976
609978
610335
610337
610419
610421
610423
610426
610429
610432
610435
610438
610441
610444
610447
610450
610453
610456
610459
610462
610464
610822
610906
610910
610913
610916
610919
610922
610925
610928
610931
610934
610937
610940
610943
610946
610949
610952
610954
611311
611313
611395
611397
611399
611402
611405
611408
611411
611414
611417
611420
611423
611426
611429
611432
611435
611438
611441
611443
611804
611891
611895
611898
611901
611904
611907
611910
611913
611916
611919
611922
611925
611928
611931
611934
611937
611940
611942
612314
612401
612405
612408
612411
612414
612417
612420
612423
612426
612429
612432
612435
612438
612441
612444
612447
612450
612452
612828
612915
612919
612922
612925
612928
612931
612934
612937
612940
612943
612946
612949
612952
612955
612958
612961
612964
612966
613341
613343
613428
613430
613432
613435
613438
613441
613444
613447
613450
613453
613456
613459
613462
613465
613468
613471
613474
613477
613479
613855
613942
613946
613949
613952
613955
613958
613961
613964
613967
613970
613973
613976
613979
613982
613985
613988
613991
613994
613996
614371
614458
614462
614465
614468
614471
614474
614477
614480
614483
614486
614489
614492
614495
614498
614501
614504
614507
614510
614512
614894
614984
614988
614991
614994
614997
615000
615003
615006
615009
615012
615015
615018
615021
615024
615027
615030
615033
615036
615038
615431
615433
615521
615523
615525
615528
615531
615534
615537
615540
615543
615546
615549
615552
615555
615558
615561
615564
615567
615570
615573
615575
615965
616055
616059
616062
616065
616068
616071
616074
616077
616080
616083
616086
616089
616092
616095
616098
616101
616104
616107
616110
616112
616506
616596
616600
616603
616606
616609
616612
616615
616618
616621
616624
616627
616630
616633
616636
616639
616642
616645
616648
616651
616653
617046
617136
617140
617143
617146
617149
617152
617155
617158
617161
617164
617167
617170
617173
617176
617179
617182
617185
617188
617191
617193
617586
617676
617680
617683
617686
617689
617692
617695
617698
617701
617704
617707
617710
617713
617716
617719
617722
617725
617728
617731
617733
618126
618216
618220
618223
618226
618229
618232
618235
618238
618241
618244
618247
618250
618253
618256
618259
618262
618265
618268
618271
618273
618666
618668
618756
618758
618760
618763
618766
618769
618772
618775
618778
618781
618784
618787
618790
618793
618796
618799
618802
618805
618808
618811
618813
619203
619291
619295
619298
619301
619304
619307
619310
619313
619316
619319
619322
619325
619328
619331
619334
619337
619340
619343
619346
619349
619351
619744
619833
619837
619840
619843
619846
619849
619852
619855
619858
619861
619864
619867
619870
619873
619876
619879
619882
619885
619888
619891
619893
620298
620386
620390
620393
620396
620399
620402
620405
620408
620411
620414
620417
620420
620423
620426
620429
620432
620435
620438
620441
620444
620446
620851
620936
620940
620943
620946
620949
620952
620955
620958
620961
620964
620967
620970
620973
620976
620979
620982
620985
620988
620991
620994
620996
621396
621483
621487
621490
621493
621496
621499
621502
621505
621508
621511
621514
621517
621520
621523
621526
621529
621532
621535
621538
621540
621923
622009
622013
622016
622019
622022
622025
622028
622031
622034
622037
622040
622043
622046
622049
622052
622055
622058
622061
622063
622439
622525
622529
622532
622535
622538
622541
622544
622547
622550
622553
622556
622559
622562
622565
622568
622571
622574
622577
622579
622955
623041
623045
623048
623051
623054
623057
623060
623063
623066
623069
623072
623075
623078
623081
623084
623087
623090
623093
623095
623461
623518
623521
623523
623525
623527
623529
623531
623533
623535
623537
623539
623541
623543
623545
623547
623549
623551
623553
623554
658572
658608
658611
658614
658617
658620
658623
658626
658629
658632
658635
658638
658640
658641
665317
665320
665323
665384
665387
665390
665759
665764
665767
665819
665822
665824
665825
665829
665832
666187
666192
666195
666237
666240
666243
666246
666248
666249
666253
666256
666588
666593
666632
666635
666638
666641
666644
666647
666649
666650
666654
666991
666996
667035
667038
667041
667044
667047
667050
667053
667055
667056
667060
667407
667412
667448
667451
667454
667457
667460
667463
667466
667469
667471
667472
667476
667825
667830
667863
667866
667869
667872
667875
667878
667881
667884
667887
667889
667890
667894
668252
668257
668300
668303
668306
668309
668312
668315
668318
668321
668324
668327
668329
668330
668334
668755
668800
668803
668806
668809
668812
668815
668818
668821
668824
668827
668830
668832
668833
669254
669259
669299
669302
669305
669308
669311
669314
669317
669320
669323
669326
669329
669331
669332
669336
669756
669761
669801
669804
669807
669810
669813
669816
669819
669822
669825
669828
669831
669834
669836
669837
669841
670274
670316
670319
670322
670325
670328
670331
670334
670337
670340
670343
670346
670349
670352
670354
670355
670788
670793
670830
670833
670836
670839
670842
670845
670848
670851
670854
670857
670860
670863
670866
670868
670869
670873
671303
671342
671345
671348
671351
671354
671357
671360
671363
671366
671369
671372
671375
671378
671381
671383
671384
671818
671860
671863
671866
671869
671872
671875
671878
671881
671884
671887
671890
671893
671896
671899
671901
671902
672350
672355
672392
672395
672398
672401
672404
672407
672410
672413
672416
672419
672422
672425
672428
672431
672433
672434
672438
672883
672922
672925
672928
672931
672934
672937
672940
672943
672946
672949
672952
672955
672958
672961
672964
672966
672967
673412
673417
673451
673454
673457
673460
673463
673466
673469
673472
673475
673478
673481
673484
673487
673490
673493
673495
673496
673500
673945
673984
673987
673990
673993
673996
673999
674002
674005
674008
674011
674014
674017
674020
674023
674026
674029
674031
674032
674492
674531
674534
674537
674540
674543
674546
674549
674552
674555
674558
674561
674564
674567
674570
674573
674576
674578
674579
675034
675073
675076
675079
675082
675085
675088
675091
675094
675097
675100
675103
675106
675109
675112
675115
675118
675120
675121
675571
675576
675610
675613
675616
675619
675622
675625
675628
675631
675634
675637
675640
675643
675646
675649
675652
675655
675657
675658
675662
676118
676154
676157
676160
676163
676166
676169
676172
676175
676178
676181
676184
676187
676190
676193
676196
676199
676202
676204
676205
676660
676696
676699
676702
676705
676708
676711
676714
676717
676720
676723
676726
676729
676732
676735
676738
676741
676744
676746
676747
677204
677243
677246
677249
677252
677255
677258
677261
677264
677267
677270
677273
677276
677279
677282
677285
677288
677291
677293
677294
677764
677769
677803
677806
677809
677812
677815
677818
677821
677824
677827
677830
677833
677836
677839
677842
677845
677848
677851
677853
677854
677858
678326
678362
678365
678368
678371
678374
678377
678380
678383
678386
678389
678392
678395
678398
678401
678404
678407
678410
678413
678415
678416
678883
678919
678922
678925
678928
678931
678934
678937
678940
678943
678946
678949
678952
678955
678958
678961
678964
678967
678970
678972
678973
679439
679475
679478
679481
679484
679487
679490
679493
679496
679499
679502
679505
679508
679511
679514
679517
679520
679523
679526
679528
679529
679993
680029
680032
680035
680038
680041
680044
680047
680050
680053
680056
680059
680062
680065
680068
680071
680074
680077
680080
680082
680083
680546
680582
680585
680588
680591
680594
680597
680600
680603
680606
680609
680612
680615
680618
680621
680624
680627
680630
680633
680635
680636
681097
681102
681133
681136
681139
681142
681145
681148
681151
681154
681157
681160
681163
681166
681169
681172
681175
681178
681181
681184
681186
681187
681191
681650
681683
681686
681689
681692
681695
681698
681701
681704
681707
681710
681713
681716
681719
681722
681725
681728
681731
681734
681737
681739
681740
682201
682237
682240
682243
682246
682249
682252
682255
682258
682261
682264
682267
682270
682273
682276
682279
682282
682285
682288
682291
682293
682294
682769
682805
682808
682811
682814
682817
682820
682823
682826
682829
682832
682835
682838
682841
682844
682847
682850
682853
682856
682859
682861
682862
683334
683370
683372
683375
683378
683381
683384
683387
683390
683393
683396
683399
683402
683405
683408
683411
683414
683417
683420
683423
683425
683426
683890
683926
683928
683931
683934
683937
683940
683943
683946
683949
683952
683955
683958
683961
683964
683967
683970
683973
683976
683978
683979
684427
684463
684466
684469
684472
684475
684478
684481
684484
684487
684490
684493
684496
684499
684502
684505
684508
684511
684513
684514
684953
684989
684992
684995
684998
685001
685004
685007
685010
685013
685016
685019
685022
685025
685028
685031
685034
685037
685039
685040
685477
685513
685516
685519
685522
685525
685528
685531
685534
685537
685540
685543
685546
685549
685552
685555
685558
685561
685563
685564
685981
686005
686007
686009
686011
686013
686015
686017
686019
686021
686023
686025
686027
686029
686031
686033
686035
686037
686038
686039
)
;
flipMap         List<bool> 
9040
(
1
1
1
1
1
1
1
1
1
1
1
1
1
1
1
1
1
1
1
1
1
1
1
1
1
1
1
1
1
1
1
1
1
1
1
1
1
1
1
1
1
1
1
1
1
1
1
1
1
1
1
1
1
1
1
1
1
1
1
1
1
1
1
1
1
1
1
1
1
1
1
1
1
1
1
1
1
1
1
1
1
1
1
1
1
1
1
1
1
1
1
1
1
1
1
1
1
1
1
1
1
1
1
1
1
1
1
1
1
1
1
1
1
1
1
1
1
1
1
1
1
1
1
1
1
1
1
1
1
1
1
1
1
1
1
1
1
1
1
1
1
1
1
1
1
1
1
1
1
1
1
1
1
1
1
1
1
1
1
1
1
1
1
1
1
1
1
1
1
1
1
1
1
1
1
1
1
1
1
1
0
1
1
1
1
1
1
1
1
1
1
1
1
1
1
1
1
1
1
1
1
1
1
1
1
1
1
1
1
1
1
1
1
1
1
1
1
1
1
1
1
1
1
1
1
1
1
1
1
1
1
1
1
1
1
1
1
1
1
1
1
1
1
1
1
1
1
1
1
1
1
1
1
1
1
1
1
1
1
1
1
1
1
1
1
1
1
1
1
1
1
1
1
1
1
1
1
1
1
1
1
1
1
1
1
1
1
1
1
1
1
1
1
1
1
1
1
1
1
1
1
0
1
1
1
1
1
1
1
1
1
1
1
1
1
1
1
1
1
1
1
1
1
1
1
1
1
1
1
1
1
1
1
1
1
1
1
1
1
1
1
1
1
1
1
1
1
1
1
1
1
1
1
1
1
1
1
1
1
1
1
1
1
1
1
1
1
1
1
1
1
1
1
1
1
1
1
1
0
1
1
1
1
1
1
1
1
1
1
1
1
1
1
1
1
1
1
1
1
1
1
1
1
1
1
1
1
1
1
1
1
1
1
1
1
1
1
1
1
1
1
1
1
1
1
1
1
1
1
1
1
1
1
1
1
1
1
1
1
1
1
1
1
1
1
1
1
1
1
1
1
0
1
1
1
1
1
1
1
1
1
1
1
1
1
1
1
1
1
1
1
1
1
1
1
1
1
1
1
1
1
1
1
1
1
1
0
1
1
1
1
1
1
1
1
1
1
1
1
1
1
1
1
1
1
1
1
1
1
1
1
1
1
1
1
1
1
1
1
1
1
1
1
1
1
1
1
1
1
1
1
1
1
1
1
0
1
1
1
1
1
1
1
1
1
1
1
1
1
1
1
1
1
1
1
1
1
1
1
1
1
1
1
1
1
1
0
1
1
1
1
1
1
1
1
1
1
1
1
1
1
0
1
1
1
1
1
1
1
1
1
1
1
1
1
1
1
1
1
1
1
1
1
1
1
1
1
1
0
1
1
1
1
1
1
1
1
1
1
1
1
0
1
1
1
1
1
1
1
1
1
1
1
0
1
1
1
1
1
1
1
1
1
1
0
1
1
1
1
1
1
1
1
1
0
1
1
1
1
1
1
1
1
0
0
1
1
1
1
1
1
0
0
1
1
1
1
0
0
0
1
1
1
1
1
1
1
1
1
1
1
1
1
1
1
1
1
1
0
1
1
1
1
1
1
1
1
1
1
1
1
1
1
1
1
1
1
0
1
1
1
1
1
1
1
1
1
1
1
1
1
1
1
1
1
1
0
1
1
1
1
1
1
1
1
1
1
1
1
1
1
1
1
1
1
1
0
1
1
1
1
1
1
1
1
1
1
1
1
1
1
1
1
1
1
1
1
0
1
1
1
1
1
1
1
1
1
1
1
1
1
1
1
1
1
1
1
1
0
1
1
1
1
1
1
1
1
1
1
1
1
1
1
1
1
1
1
1
1
0
1
1
1
1
1
1
1
1
1
1
1
1
1
1
1
1
1
1
1
1
0
0
1
1
1
1
1
1
1
1
1
1
1
1
1
1
1
1
1
1
1
0
1
1
1
1
1
1
1
1
1
1
1
1
1
1
1
1
1
1
1
0
1
1
1
1
1
1
1
1
1
1
1
1
1
1
1
1
1
1
1
0
1
1
1
1
1
1
1
1
1
1
1
1
1
1
1
1
1
1
1
0
1
1
1
1
1
1
1
1
1
1
1
1
1
1
1
1
1
1
1
0
1
1
1
1
1
1
1
1
1
1
1
1
1
1
1
1
1
1
1
0
0
1
1
1
1
1
1
1
1
1
1
1
1
1
1
1
1
1
1
0
1
1
1
1
1
1
1
1
1
1
1
1
1
1
1
1
1
1
0
1
1
1
1
1
1
1
1
1
1
1
1
1
1
1
1
1
1
0
1
1
1
1
1
1
1
1
1
1
1
1
1
1
1
1
1
1
0
0
1
1
1
1
1
1
1
1
1
1
1
1
1
1
1
1
1
0
1
1
1
1
1
1
1
1
1
1
1
1
1
1
1
1
1
0
1
1
1
1
1
1
1
1
1
1
1
1
1
1
1
1
1
0
1
1
1
1
1
1
1
1
1
1
1
1
1
1
1
1
1
0
0
1
1
1
1
1
1
1
1
1
1
1
1
1
1
1
1
0
1
1
1
1
1
1
1
1
1
1
1
1
1
1
1
1
0
0
1
1
1
1
1
1
1
1
1
1
1
1
1
1
1
0
1
1
1
1
1
1
1
1
1
1
1
1
1
1
1
0
1
1
1
1
1
1
1
1
1
1
1
1
1
1
1
0
0
1
1
1
1
1
1
1
1
1
1
1
1
1
1
0
1
1
1
1
1
1
1
1
1
1
1
1
1
1
0
0
1
1
1
1
1
1
1
1
1
1
1
1
1
0
0
1
1
1
1
1
1
1
1
1
1
1
1
0
1
1
1
1
1
1
1
1
1
1
1
1
0
0
1
1
1
1
1
1
1
1
1
1
1
0
0
1
1
1
1
1
1
1
1
1
1
0
0
1
1
1
1
1
1
1
1
1
0
0
1
1
1
1
1
1
1
1
0
0
1
1
1
1
1
1
1
0
0
0
1
1
1
1
1
0
0
0
1
1
1
0
0
0
0
1
1
1
1
1
1
1
1
1
1
1
1
1
1
1
1
1
1
1
1
1
1
1
1
1
1
1
1
1
1
1
1
1
1
1
1
1
1
1
1
1
1
1
1
1
1
1
1
1
1
1
1
1
1
1
1
1
1
1
1
1
1
1
1
1
1
1
1
1
1
1
1
1
1
1
1
1
1
1
1
1
1
1
1
1
1
1
1
1
1
1
1
1
1
1
1
1
1
1
1
1
1
1
1
1
1
1
1
1
1
1
1
1
1
1
1
1
1
1
1
1
1
1
1
1
1
1
1
1
1
1
1
1
1
1
1
1
1
1
1
1
1
1
1
1
1
1
1
1
1
1
1
1
1
1
1
1
1
1
1
1
1
1
1
1
1
1
1
1
1
1
1
1
1
1
1
1
1
1
1
1
1
1
1
1
1
1
1
1
1
1
1
1
1
1
1
1
1
1
1
1
1
1
1
1
1
1
1
1
1
1
1
1
1
1
1
1
1
1
1
1
1
1
1
1
1
1
1
1
1
1
1
1
1
1
1
1
1
1
1
1
1
1
1
1
1
1
1
1
1
1
1
1
1
1
1
1
1
1
1
1
1
1
1
1
1
1
1
1
1
1
1
1
1
1
1
1
1
1
1
1
1
1
1
1
1
1
1
1
1
1
1
1
1
1
1
1
1
1
1
1
1
1
1
1
1
1
1
1
1
1
1
1
1
1
1
1
1
1
1
1
1
1
1
1
1
1
1
1
1
1
1
1
1
1
1
1
1
1
1
1
1
1
1
1
1
1
1
1
1
1
1
1
1
1
1
1
1
1
1
1
1
1
1
1
1
1
1
1
1
1
1
1
1
1
1
1
1
1
1
1
1
1
1
1
1
1
1
1
1
1
1
1
1
1
1
1
1
1
1
1
1
1
1
1
1
1
1
1
1
1
1
1
1
1
1
1
1
1
1
1
1
1
1
1
1
1
1
1
1
1
1
1
1
1
1
1
1
1
1
1
1
1
1
1
1
1
1
1
1
1
1
1
1
1
1
1
1
1
1
1
1
1
1
1
1
1
1
1
1
1
1
1
1
1
1
1
1
1
1
1
1
1
1
1
1
1
1
1
1
1
1
1
1
1
1
1
1
1
1
1
1
1
1
1
1
1
1
1
1
1
1
1
1
1
1
1
1
1
1
1
1
1
1
1
1
1
1
1
1
1
1
1
1
1
1
1
1
1
1
1
1
1
1
1
1
1
1
1
1
1
1
1
1
1
1
1
1
1
1
1
1
1
1
1
1
1
1
1
1
1
1
1
1
1
1
1
1
1
1
1
1
1
1
1
1
1
1
1
1
1
1
1
1
1
1
1
1
1
1
1
1
1
1
1
1
1
1
1
1
1
1
1
1
1
1
1
1
1
1
1
1
1
1
1
1
1
1
1
1
1
1
1
1
1
1
1
1
1
1
1
1
1
1
1
1
1
1
1
1
1
1
1
1
1
1
1
1
1
1
1
1
1
1
1
1
0
1
1
1
1
1
1
0
1
1
1
1
1
1
1
0
1
1
1
1
1
1
1
1
1
0
1
1
1
1
1
1
1
1
1
0
1
1
1
1
1
1
1
1
1
1
0
1
1
1
1
1
1
1
1
1
1
1
0
1
1
1
1
1
1
1
1
1
1
1
1
0
1
1
1
1
1
1
1
1
1
1
1
1
1
0
1
1
1
1
1
1
1
1
1
1
1
1
0
1
1
1
1
1
1
1
1
1
1
1
1
1
1
0
1
1
1
1
1
1
1
1
1
1
1
1
1
1
1
0
1
1
1
1
1
1
1
1
1
1
1
1
1
1
0
1
1
1
1
1
1
1
1
1
1
1
1
1
1
1
1
0
1
1
1
1
1
1
1
1
1
1
1
1
1
1
1
0
1
1
1
1
1
1
1
1
1
1
1
1
1
1
1
0
1
1
1
1
1
1
1
1
1
1
1
1
1
1
1
1
1
0
1
1
1
1
1
1
1
1
1
1
1
1
1
1
1
1
0
1
1
1
1
1
1
1
1
1
1
1
1
1
1
1
1
1
1
0
1
1
1
1
1
1
1
1
1
1
1
1
1
1
1
1
1
0
1
1
1
1
1
1
1
1
1
1
1
1
1
1
1
1
1
0
1
1
1
1
1
1
1
1
1
1
1
1
1
1
1
1
1
0
1
1
1
1
1
1
1
1
1
1
1
1
1
1
1
1
1
1
1
0
1
1
1
1
1
1
1
1
1
1
1
1
1
1
1
1
1
1
0
1
1
1
1
1
1
1
1
1
1
1
1
1
1
1
1
1
1
0
1
1
1
1
1
1
1
1
1
1
1
1
1
1
1
1
1
1
0
1
1
1
1
1
1
1
1
1
1
1
1
1
1
1
1
1
1
1
1
0
1
1
1
1
1
1
1
1
1
1
1
1
1
1
1
1
1
1
1
0
1
1
1
1
1
1
1
1
1
1
1
1
1
1
1
1
1
1
1
0
1
1
1
1
1
1
1
1
1
1
1
1
1
1
1
1
1
1
1
0
1
1
1
1
1
1
1
1
1
1
1
1
1
1
1
1
1
1
1
0
1
1
1
1
1
1
1
1
1
1
1
1
1
1
1
1
1
1
1
0
1
1
1
1
1
1
1
1
1
1
1
1
1
1
1
1
1
1
1
1
1
0
1
1
1
1
1
1
1
1
1
1
1
1
1
1
1
1
1
1
1
1
0
1
1
1
1
1
1
1
1
1
1
1
1
1
1
1
1
1
1
1
1
0
1
1
1
1
1
1
1
1
1
1
1
1
1
1
1
1
1
1
1
1
0
1
1
1
1
1
1
1
1
1
1
1
1
1
1
1
1
1
1
1
0
1
1
1
1
1
1
1
1
1
1
1
1
1
1
1
1
1
1
0
1
1
1
1
1
1
1
1
1
1
1
1
1
1
1
1
1
1
0
1
1
1
1
1
1
1
1
1
1
1
1
1
1
1
1
1
1
0
1
1
1
1
1
1
1
1
1
1
1
1
1
1
1
1
1
1
0
1
1
1
1
1
1
1
1
1
1
1
1
1
1
1
1
1
1
1
1
1
1
1
1
1
1
1
1
1
1
1
1
1
1
1
1
1
1
1
1
1
1
1
1
1
1
1
1
1
1
1
1
1
1
1
1
1
1
1
1
1
1
1
1
1
1
1
1
1
1
1
1
1
1
1
1
1
1
1
1
1
1
1
1
1
1
1
1
1
1
1
1
1
1
1
1
1
1
1
1
1
1
1
1
1
1
1
1
1
1
1
1
1
0
1
0
1
0
1
0
1
0
1
0
1
0
1
0
1
0
1
0
1
0
1
0
1
0
1
0
1
1
1
1
1
1
1
1
1
1
1
1
1
1
1
1
1
1
1
1
1
1
1
1
1
1
1
1
1
1
1
1
1
1
1
1
1
1
1
1
1
1
1
1
1
1
1
1
1
1
1
1
1
1
1
1
1
1
1
1
1
1
1
1
1
1
1
1
1
1
1
0
1
0
1
0
1
0
1
0
1
0
1
0
1
0
1
0
1
0
1
0
1
0
1
0
1
0
1
1
1
1
1
1
1
1
1
1
1
1
1
1
1
1
1
1
1
1
1
1
1
1
1
1
1
1
1
1
1
1
1
1
1
1
1
1
1
1
1
1
1
0
1
0
1
0
1
0
1
0
1
0
1
0
1
0
1
0
1
0
1
0
1
0
1
0
1
0
1
1
1
1
1
1
1
1
1
1
1
1
1
1
1
1
1
1
1
1
1
1
1
1
1
1
1
1
1
1
1
1
1
1
1
1
1
1
1
1
1
1
1
0
1
0
1
0
1
0
1
0
1
0
1
0
1
0
1
0
1
0
1
0
1
0
1
0
1
0
1
1
1
1
1
1
1
1
1
1
1
1
1
1
1
0
1
0
1
0
1
0
1
0
1
0
1
0
1
0
1
0
1
0
1
0
1
0
1
0
1
0
1
1
1
1
1
1
1
1
1
1
1
1
1
1
1
1
1
1
1
1
1
1
1
1
1
1
1
1
1
0
1
0
1
0
1
0
1
0
1
0
1
0
1
0
1
0
1
0
1
0
1
0
1
0
1
0
1
1
1
1
1
1
1
1
1
1
1
1
1
1
1
0
1
0
1
0
1
0
1
0
1
0
1
0
1
0
1
0
1
0
1
0
1
0
1
0
1
0
1
0
1
0
1
0
1
0
1
0
1
0
1
0
1
0
1
0
1
0
1
0
1
0
1
0
1
0
1
1
1
1
1
1
1
1
1
1
1
1
1
1
1
0
1
0
1
0
1
0
1
0
1
0
1
0
1
0
1
0
1
0
1
0
1
0
1
0
1
0
1
0
1
0
1
0
1
0
1
0
1
0
1
0
1
0
1
0
1
0
1
0
1
0
1
0
1
0
1
0
1
0
1
0
1
0
1
0
1
0
1
0
1
0
1
0
1
0
1
0
1
0
1
0
1
0
1
0
1
0
1
0
1
0
1
0
1
0
1
0
1
0
1
0
1
0
1
0
1
0
1
0
1
0
1
0
1
0
1
0
1
0
1
0
1
0
1
0
1
0
1
0
1
0
1
0
1
0
1
0
1
0
1
0
0
1
0
0
1
0
0
1
0
0
1
0
0
1
0
0
1
0
0
1
0
0
1
0
0
1
0
0
1
0
0
1
0
0
1
0
0
1
0
0
1
0
0
1
0
0
1
0
0
1
0
0
1
0
0
1
0
0
1
0
0
1
0
0
1
0
0
1
0
0
1
0
0
1
0
0
1
0
0
1
0
0
1
0
0
0
1
0
0
0
1
0
0
0
1
0
0
0
1
0
0
0
1
0
0
0
1
0
0
0
1
0
0
0
1
0
0
0
1
0
0
0
1
0
0
0
1
0
0
0
1
0
0
0
1
0
0
0
0
0
0
0
0
0
0
0
0
0
0
0
0
0
0
0
0
0
0
0
0
0
0
0
0
0
0
0
0
0
0
0
0
0
0
0
0
0
0
0
0
0
0
0
0
0
0
0
0
0
0
0
0
0
0
0
0
0
0
0
0
0
0
0
0
0
0
0
0
0
0
0
0
0
0
0
0
0
0
0
0
0
0
0
0
0
0
0
0
0
0
0
0
0
0
0
0
0
0
0
0
0
0
0
0
0
0
0
0
0
0
0
0
0
0
0
0
0
0
0
0
0
0
0
0
0
0
0
0
0
0
0
0
0
0
0
0
0
0
0
0
0
0
0
0
0
0
0
0
0
0
0
0
0
0
0
0
0
0
0
0
0
0
0
0
0
0
0
0
0
0
0
0
0
0
0
0
0
0
0
0
0
0
0
0
0
0
0
0
0
0
0
0
0
0
0
0
0
0
0
0
0
0
0
0
0
0
0
0
0
0
0
0
0
0
0
0
0
0
0
0
0
0
0
0
0
0
0
0
0
0
0
0
0
0
0
0
0
0
0
0
0
0
0
0
0
0
0
0
0
0
0
0
0
0
0
0
0
0
0
0
0
0
0
0
0
0
0
0
0
0
0
0
0
0
0
0
0
0
0
0
0
0
0
0
0
0
0
0
0
0
0
0
0
0
0
0
0
0
0
0
0
0
0
0
0
0
0
0
0
0
0
0
0
0
0
0
0
0
0
0
0
0
0
0
0
0
0
0
0
0
0
0
0
0
0
0
0
0
0
0
0
0
0
0
0
0
0
0
0
0
0
0
0
0
0
0
0
0
0
0
0
0
0
0
0
0
0
0
0
0
0
0
0
0
0
0
0
0
0
0
0
0
0
0
0
0
0
0
0
0
0
0
0
0
0
0
0
0
0
0
0
0
0
0
0
0
0
0
0
0
0
0
0
0
0
0
0
0
0
0
0
0
0
0
0
0
0
0
0
0
0
0
0
0
0
0
0
0
0
0
0
0
0
0
0
0
0
0
0
0
0
0
0
0
0
0
0
0
0
0
0
0
0
0
0
0
0
0
0
0
0
0
0
0
0
0
0
0
0
0
0
0
0
0
0
0
0
0
0
0
0
0
0
0
0
0
0
0
0
0
0
0
0
0
0
0
0
0
0
0
0
0
0
0
0
0
0
0
0
0
0
0
0
0
0
0
0
0
0
0
0
0
0
0
0
0
0
0
0
0
0
0
0
0
0
0
0
0
0
0
0
0
0
0
0
0
0
0
0
0
0
0
0
0
0
0
0
0
0
0
0
0
0
0
0
0
0
0
0
0
0
0
0
0
0
0
0
0
0
0
0
0
0
0
0
0
0
0
0
0
0
0
0
0
0
0
0
0
0
0
0
0
0
0
0
0
0
0
0
0
0
0
0
0
0
0
0
0
0
0
0
0
0
0
0
0
0
0
0
0
0
0
0
0
0
0
0
0
0
0
0
0
0
0
0
0
0
0
0
0
0
0
0
0
0
0
0
0
0
0
0
0
0
0
0
0
0
0
0
0
0
0
0
0
0
0
0
0
0
0
0
0
0
0
0
0
0
0
0
0
0
0
0
0
0
0
0
0
0
0
0
0
0
0
0
0
0
0
0
0
0
0
0
0
0
0
0
0
0
0
0
0
0
0
0
0
0
0
0
0
0
0
0
0
0
0
0
0
0
0
0
0
0
0
0
0
0
0
0
0
0
0
0
0
0
0
0
0
0
0
0
0
0
0
0
0
0
0
0
0
0
0
0
0
0
0
0
0
0
0
0
0
0
0
0
0
0
0
0
0
0
0
0
0
0
0
0
0
0
0
0
0
0
0
0
0
0
0
0
0
0
0
0
0
0
0
0
0
0
0
0
0
0
0
0
0
0
0
0
0
0
0
0
0
0
1
1
1
1
1
1
1
1
1
1
1
1
1
1
1
1
1
1
1
1
1
1
1
1
1
1
1
1
1
1
1
1
1
1
1
1
1
1
1
1
1
1
1
1
1
1
1
1
1
1
1
1
1
1
1
1
1
1
1
1
1
1
1
1
1
1
1
1
1
1
1
1
1
1
1
1
1
1
1
1
1
1
1
1
1
1
1
1
1
1
1
1
1
1
1
1
1
1
1
1
1
1
1
1
1
1
1
1
1
1
1
1
1
1
1
1
1
1
1
1
1
1
1
1
1
1
1
1
1
1
1
1
1
1
1
1
1
1
1
1
1
1
1
1
1
1
1
1
1
1
1
1
1
1
1
1
1
1
1
1
1
1
1
1
1
1
1
1
1
1
1
1
1
1
1
1
1
1
1
1
1
1
1
1
1
1
1
1
1
1
1
1
1
1
1
1
1
1
1
1
1
1
1
1
1
1
1
1
1
1
1
1
1
1
1
1
1
1
1
1
1
1
1
1
1
1
1
1
1
1
1
1
1
1
1
1
1
1
1
1
1
1
1
1
1
1
1
1
1
1
1
1
1
1
1
1
1
1
1
1
1
1
1
1
1
1
1
1
1
1
1
1
1
1
1
1
1
1
1
1
1
1
1
1
1
1
1
1
1
1
1
1
1
1
1
1
1
1
1
1
1
1
1
1
1
1
1
1
1
1
1
1
1
1
1
1
1
1
1
1
1
1
1
1
1
1
1
1
1
1
1
1
1
1
1
1
1
1
1
1
1
1
1
1
1
1
1
1
1
1
1
1
1
1
1
1
1
1
1
1
1
1
1
1
1
1
1
1
1
1
1
1
1
1
1
1
1
1
1
1
1
1
1
1
1
1
1
1
1
1
1
1
1
1
1
1
1
1
1
1
1
1
1
1
1
1
1
1
1
1
1
1
1
1
1
1
1
1
1
1
1
1
1
1
1
1
1
1
1
1
1
1
1
1
1
1
1
1
1
1
1
1
1
1
1
1
1
1
1
1
1
1
1
1
1
1
1
1
1
1
1
1
1
1
1
1
1
1
1
1
1
1
1
1
1
1
1
1
1
1
1
1
1
1
1
1
1
1
1
1
1
1
1
1
1
1
1
1
1
1
1
1
1
1
1
1
1
1
1
1
1
1
1
1
1
1
1
1
1
1
1
1
1
1
1
1
1
1
1
1
1
1
1
1
1
1
1
1
1
1
1
1
1
1
1
1
1
1
1
1
1
1
1
1
1
1
1
1
1
1
1
1
1
1
1
1
1
1
1
1
1
1
1
1
1
1
1
1
1
1
1
1
1
1
1
1
1
1
1
1
1
1
1
1
1
1
1
1
1
1
1
1
1
1
1
1
1
1
1
1
1
1
1
1
1
1
1
1
1
1
1
1
1
1
1
1
1
1
1
1
1
1
1
1
1
1
1
1
1
1
1
1
1
1
1
1
1
1
1
1
1
1
1
1
1
1
1
1
1
1
1
1
1
1
1
1
1
1
1
1
1
1
1
1
1
1
1
1
1
1
1
1
1
1
1
1
1
1
1
1
1
1
1
1
1
1
1
1
1
1
1
1
1
1
1
1
1
1
1
1
1
1
1
1
1
1
1
1
1
1
1
1
1
1
1
1
1
1
1
1
1
1
1
1
1
1
1
1
1
1
1
1
1
1
1
1
1
1
1
1
1
1
1
1
1
1
1
1
1
1
1
1
1
1
1
1
1
1
1
1
1
1
1
1
1
1
1
1
1
1
1
1
1
1
1
1
1
1
1
1
1
1
1
1
1
1
1
1
1
1
1
1
1
1
1
1
1
1
1
1
1
1
1
1
1
1
1
1
1
1
1
1
1
1
1
1
1
1
1
1
1
1
1
1
1
1
1
1
1
1
1
1
1
1
1
1
1
1
1
1
1
1
1
1
1
1
1
1
1
1
1
1
1
1
1
1
1
0
0
0
0
0
0
0
0
0
0
0
0
0
0
1
1
1
1
1
1
1
1
1
1
1
1
1
1
1
1
1
1
1
1
1
1
1
1
1
1
1
1
1
1
1
1
1
1
1
1
1
1
1
1
1
1
0
1
1
0
1
1
0
1
1
0
1
1
0
1
1
0
1
1
0
1
1
0
1
1
0
1
1
0
1
1
0
1
1
0
1
1
0
1
1
0
1
1
0
1
1
0
1
1
0
1
1
0
1
1
0
1
1
0
1
1
0
1
1
0
1
1
0
1
1
0
1
1
0
1
1
0
1
1
0
1
1
0
1
1
0
1
0
1
0
1
0
1
0
1
0
1
0
1
0
1
0
1
0
1
0
1
0
1
0
1
0
1
0
1
0
1
0
1
0
1
0
1
0
1
0
1
0
1
0
1
0
1
0
1
0
1
0
1
0
1
0
1
0
1
0
1
0
1
0
1
0
1
0
1
0
1
0
1
0
1
0
1
0
1
0
1
0
1
0
1
0
1
0
1
0
1
0
1
0
1
0
1
0
1
0
1
0
1
0
1
0
1
0
1
0
1
0
1
0
1
0
1
0
1
0
1
0
1
0
1
0
1
0
1
0
1
0
1
0
1
0
1
0
1
0
0
0
0
0
0
0
0
0
0
0
0
0
0
0
1
0
1
0
1
0
1
0
1
0
1
0
1
0
1
0
1
0
1
0
1
0
1
0
1
0
1
0
1
0
1
0
1
0
1
0
1
0
1
0
1
0
1
0
1
0
1
0
1
0
1
0
1
0
1
0
0
0
0
0
0
0
0
0
0
0
0
0
0
0
1
0
1
0
1
0
1
0
1
0
1
0
1
0
1
0
1
0
1
0
1
0
1
0
1
0
1
0
0
0
0
0
0
0
0
0
0
0
0
0
0
0
0
0
0
0
0
0
0
0
0
0
0
0
0
0
1
0
1
0
1
0
1
0
1
0
1
0
1
0
1
0
1
0
1
0
1
0
1
0
1
0
1
0
0
0
0
0
0
0
0
0
0
0
0
0
0
0
1
0
1
0
1
0
1
0
1
0
1
0
1
0
1
0
1
0
1
0
1
0
1
0
1
0
1
0
0
0
0
0
0
0
0
0
0
0
0
0
0
0
0
0
0
0
0
0
0
0
0
0
0
0
0
0
0
0
0
0
0
0
0
0
0
0
0
0
0
0
1
0
1
0
1
0
1
0
1
0
1
0
1
0
1
0
1
0
1
0
1
0
1
0
1
0
1
0
0
0
0
0
0
0
0
0
0
0
0
0
0
0
0
0
0
0
0
0
0
0
0
0
0
0
0
0
0
0
0
0
0
0
0
0
0
0
0
0
0
0
1
0
1
0
1
0
1
0
1
0
1
0
1
0
1
0
1
0
1
0
1
0
1
0
1
0
1
0
0
0
0
0
0
0
0
0
0
0
0
0
0
0
0
0
0
0
0
0
0
0
0
0
0
0
0
0
0
0
0
0
0
0
0
0
0
0
0
0
0
0
0
0
0
0
0
0
0
0
0
0
0
0
0
0
0
0
0
0
0
0
0
0
0
0
0
0
0
0
1
0
1
0
1
0
1
0
1
0
1
0
1
0
1
0
1
0
1
0
1
0
1
0
1
0
1
0
0
0
0
0
0
0
0
0
0
0
0
0
0
0
0
0
0
0
0
0
0
0
0
0
0
0
0
0
0
0
0
0
0
0
0
0
0
0
0
0
0
0
0
0
0
0
0
0
0
0
0
0
0
0
0
0
0
0
0
0
0
0
0
0
0
0
0
0
0
0
0
0
0
0
0
0
0
0
0
0
0
0
0
0
0
0
0
0
0
0
0
0
0
0
0
0
0
0
0
0
0
0
0
0
0
0
0
0
0
0
0
0
0
0
0
0
0
0
0
0
0
0
0
0
0
1
1
0
0
0
0
0
0
0
0
0
0
0
0
0
0
0
0
0
0
1
1
0
0
0
0
0
0
0
0
0
0
0
0
0
0
0
0
0
0
1
1
0
0
0
0
0
0
0
0
0
0
0
0
0
0
0
0
0
0
1
1
0
0
0
0
0
0
0
0
0
0
0
0
0
0
0
0
0
0
1
1
0
0
0
0
0
0
0
0
0
0
0
0
0
0
0
0
0
0
0
1
1
0
0
0
0
0
0
0
0
0
0
0
0
0
0
0
0
0
0
0
0
1
1
0
0
0
0
0
0
0
0
0
0
0
0
0
0
0
0
0
0
0
0
1
1
0
0
0
0
0
0
0
0
0
0
0
0
0
0
0
0
0
0
0
0
1
0
1
0
0
0
0
0
0
0
0
0
0
0
0
0
0
0
0
0
0
0
0
0
1
1
0
0
0
0
0
0
0
0
0
0
0
0
0
0
0
0
0
0
0
1
1
0
0
0
0
0
0
0
0
0
0
0
0
0
0
0
0
0
0
0
1
1
0
0
0
0
0
0
0
0
0
0
0
0
0
0
0
0
0
0
0
1
1
0
0
0
0
0
0
0
0
0
0
0
0
0
0
0
0
0
0
0
1
1
0
0
0
0
0
0
0
0
0
0
0
0
0
0
0
0
0
0
0
1
0
1
0
0
0
0
0
0
0
0
0
0
0
0
0
0
0
0
0
0
0
0
1
1
0
0
0
0
0
0
0
0
0
0
0
0
0
0
0
0
0
0
1
1
0
0
0
0
0
0
0
0
0
0
0
0
0
0
0
0
0
0
1
1
0
0
0
0
0
0
0
0
0
0
0
0
0
0
0
0
0
0
1
0
1
0
0
0
0
0
0
0
0
0
0
0
0
0
0
0
0
0
0
0
1
1
0
0
0
0
0
0
0
0
0
0
0
0
0
0
0
0
0
1
1
0
0
0
0
0
0
0
0
0
0
0
0
0
0
0
0
0
1
1
0
0
0
0
0
0
0
0
0
0
0
0
0
0
0
0
0
1
0
1
0
0
0
0
0
0
0
0
0
0
0
0
0
0
0
0
0
0
1
1
0
0
0
0
0
0
0
0
0
0
0
0
0
0
0
0
1
0
1
0
0
0
0
0
0
0
0
0
0
0
0
0
0
0
0
0
1
1
0
0
0
0
0
0
0
0
0
0
0
0
0
0
0
1
1
0
0
0
0
0
0
0
0
0
0
0
0
0
0
0
1
0
1
0
0
0
0
0
0
0
0
0
0
0
0
0
0
0
0
1
1
0
0
0
0
0
0
0
0
0
0
0
0
0
0
1
0
1
0
0
0
0
0
0
0
0
0
0
0
0
0
0
0
1
0
1
0
0
0
0
0
0
0
0
0
0
0
0
0
0
1
1
0
0
0
0
0
0
0
0
0
0
0
0
1
0
1
0
0
0
0
0
0
0
0
0
0
0
0
0
1
0
1
0
0
0
0
0
0
0
0
0
0
0
0
1
0
1
0
0
0
0
0
0
0
0
0
0
0
1
0
1
0
0
0
0
0
0
0
0
0
0
1
0
1
0
0
0
0
0
0
0
0
0
1
0
0
1
0
0
0
0
0
0
0
0
0
1
0
0
1
0
0
0
0
0
0
0
1
0
0
0
1
0
0
0
0
0
0
0
0
0
0
0
0
0
0
0
0
0
0
0
0
0
0
0
0
0
0
0
0
0
0
0
0
0
0
0
0
0
0
0
0
0
0
0
0
0
0
0
0
0
0
0
0
0
0
0
0
0
0
0
0
0
0
0
0
0
0
0
0
0
0
0
0
0
0
0
0
0
0
0
0
0
0
0
0
0
0
0
0
0
0
0
0
0
0
0
0
0
0
0
0
0
0
0
0
0
0
0
0
0
0
0
0
0
0
0
0
0
0
0
0
0
0
0
0
0
0
0
0
0
0
0
0
0
0
0
0
0
0
0
0
0
0
0
0
0
0
0
0
0
0
0
0
0
0
0
0
0
0
0
0
0
0
0
0
0
0
0
0
0
0
0
0
0
0
0
0
0
0
0
0
0
0
0
0
0
0
0
0
0
0
0
0
0
0
0
0
0
0
0
0
0
0
0
0
0
0
0
0
0
0
0
0
0
0
0
0
0
0
0
0
0
0
0
0
0
0
0
0
0
0
0
0
0
0
0
0
0
0
0
0
0
0
0
0
0
0
0
0
0
0
0
0
0
0
0
0
0
0
0
0
0
0
0
0
0
0
0
0
0
0
0
0
0
0
0
0
0
0
0
0
0
0
0
0
0
0
0
0
0
0
0
0
0
0
0
0
0
0
0
0
0
0
0
0
0
0
0
0
0
0
0
0
0
0
0
0
0
0
0
0
0
0
0
0
0
0
0
0
0
0
0
0
0
0
0
0
0
0
0
0
0
0
0
0
0
0
0
0
0
0
0
0
0
0
0
0
0
0
0
0
0
0
0
0
0
0
0
0
0
0
0
0
0
0
0
0
0
0
0
0
0
0
0
0
0
0
0
0
0
0
0
0
0
0
0
0
0
0
0
0
0
0
0
0
0
0
0
0
0
0
0
0
0
0
0
0
0
0
0
0
0
0
0
0
0
0
0
0
0
0
0
0
0
0
0
0
0
0
0
0
0
0
0
0
0
0
0
0
0
0
0
0
0
0
0
0
0
0
0
0
0
0
0
0
0
0
0
0
0
0
0
0
0
0
0
0
0
0
0
0
0
0
0
0
0
0
0
0
0
0
0
0
0
0
0
0
0
0
0
0
0
0
0
0
0
0
0
0
0
0
0
0
0
0
0
0
0
0
0
0
0
0
0
0
0
0
0
0
0
0
0
0
0
0
0
0
0
0
0
0
0
0
0
0
0
0
0
0
0
0
0
0
0
0
0
0
0
0
0
0
0
0
0
0
0
0
0
0
0
0
0
0
0
0
0
0
0
0
0
0
0
0
0
0
0
0
0
0
0
0
0
0
0
0
0
0
0
0
0
0
0
0
0
0
0
0
0
0
0
0
0
0
0
0
0
0
0
0
0
0
0
0
0
0
0
0
0
0
0
0
0
0
0
0
0
0
0
0
0
0
0
0
0
0
0
0
0
0
0
0
0
0
0
0
0
0
0
0
0
0
0
0
0
0
0
0
0
0
0
0
0
0
0
0
0
0
0
0
0
0
0
0
0
0
0
0
0
0
0
0
0
0
0
0
0
0
0
0
0
0
0
0
0
0
0
0
0
0
0
0
0
0
1
1
1
1
1
1
1
1
1
1
1
1
1
1
1
1
1
0
0
0
1
1
1
1
1
1
0
0
0
0
0
1
1
1
1
0
0
0
0
0
0
0
1
1
1
1
0
0
0
0
0
0
0
0
1
1
1
1
0
0
0
0
0
0
0
0
0
1
1
1
1
0
0
0
0
0
0
0
0
0
0
1
1
1
1
0
0
0
0
0
0
0
0
0
0
0
1
1
0
0
0
0
0
0
0
0
0
0
0
0
1
1
1
1
0
0
0
0
0
0
0
0
0
0
0
0
1
1
1
1
0
0
0
0
0
0
0
0
0
0
0
0
0
1
1
0
0
0
0
0
0
0
0
0
0
0
0
0
0
1
1
1
1
0
0
0
0
0
0
0
0
0
0
0
0
0
0
1
1
0
0
0
0
0
0
0
0
0
0
0
0
0
0
0
1
1
0
0
0
0
0
0
0
0
0
0
0
0
0
0
0
1
1
1
1
0
0
0
0
0
0
0
0
0
0
0
0
0
0
0
1
1
0
0
0
0
0
0
0
0
0
0
0
0
0
0
0
0
1
1
1
1
0
0
0
0
0
0
0
0
0
0
0
0
0
0
0
0
1
1
0
0
0
0
0
0
0
0
0
0
0
0
0
0
0
0
0
1
1
0
0
0
0
0
0
0
0
0
0
0
0
0
0
0
0
0
1
1
0
0
0
0
0
0
0
0
0
0
0
0
0
0
0
0
0
1
1
1
1
0
0
0
0
0
0
0
0
0
0
0
0
0
0
0
0
0
1
1
0
0
0
0
0
0
0
0
0
0
0
0
0
0
0
0
0
0
1
1
0
0
0
0
0
0
0
0
0
0
0
0
0
0
0
0
0
0
1
1
0
0
0
0
0
0
0
0
0
0
0
0
0
0
0
0
0
0
1
1
1
1
0
0
0
0
0
0
0
0
0
0
0
0
0
0
0
0
0
0
1
1
0
0
0
0
0
0
0
0
0
0
0
0
0
0
0
0
0
0
0
1
1
0
0
0
0
0
0
0
0
0
0
0
0
0
0
0
0
0
0
0
1
1
0
0
0
0
0
0
0
0
0
0
0
0
0
0
0
0
0
0
0
1
1
0
0
0
0
0
0
0
0
0
0
0
0
0
0
0
0
0
0
0
1
1
0
0
0
0
0
0
0
0
0
0
0
0
0
0
0
0
0
0
0
1
1
1
1
0
0
0
0
0
0
0
0
0
0
0
0
0
0
0
0
0
0
0
1
1
0
0
0
0
0
0
0
0
0
0
0
0
0
0
0
0
0
0
0
0
1
1
0
0
0
0
0
0
0
0
0
0
0
0
0
0
0
0
0
0
0
0
1
1
0
0
0
0
0
0
0
0
0
0
0
0
0
0
0
0
0
0
0
0
1
1
0
0
0
0
0
0
0
0
0
0
0
0
0
0
0
0
0
0
0
0
1
1
0
0
0
0
0
0
0
0
0
0
0
0
0
0
0
0
0
0
0
1
1
0
0
0
0
0
0
0
0
0
0
0
0
0
0
0
0
0
0
1
1
0
0
0
0
0
0
0
0
0
0
0
0
0
0
0
0
0
0
1
1
0
0
0
0
0
0
0
0
0
0
0
0
0
0
0
0
0
0
1
1
0
0
0
0
0
0
0
0
0
0
0
0
0
0
0
0
0
0
0
0
0
0
0
0
0
0
0
0
0
0
0
0
1
1
1
1
1
1
0
1
1
0
0
0
0
1
1
0
1
1
0
0
0
0
0
0
1
1
0
1
0
0
0
0
0
0
0
0
1
0
1
0
0
0
0
0
0
0
0
0
1
0
1
0
0
0
0
0
0
0
0
0
0
1
0
1
0
0
0
0
0
0
0
0
0
0
0
1
0
1
0
0
0
0
0
0
0
0
0
0
0
0
1
0
0
0
0
0
0
0
0
0
0
0
0
0
0
0
1
0
0
0
0
0
0
0
0
0
0
0
0
0
1
0
1
0
0
0
0
0
0
0
0
0
0
0
0
0
0
1
0
0
0
0
0
0
0
0
0
0
0
0
0
0
0
0
0
1
0
0
0
0
0
0
0
0
0
0
0
0
0
0
0
1
0
0
0
0
0
0
0
0
0
0
0
0
0
0
0
0
0
0
0
0
0
0
0
0
0
0
0
0
0
0
0
0
0
0
0
1
0
0
0
0
0
0
0
0
0
0
0
0
0
0
0
0
1
0
0
0
0
0
0
0
0
0
0
0
0
0
0
0
0
0
0
0
1
0
0
0
0
0
0
0
0
0
0
0
0
0
0
0
0
0
1
0
0
0
0
0
0
0
0
0
0
0
0
0
0
0
0
0
0
0
0
0
0
0
0
0
0
0
0
0
0
0
0
0
0
0
0
0
0
0
0
0
0
0
0
0
0
0
0
0
0
0
0
0
0
0
0
0
0
1
0
0
0
0
0
0
0
0
0
0
0
0
0
0
0
0
0
0
1
0
0
0
0
0
0
0
0
0
0
0
0
0
0
0
0
0
0
0
0
0
0
0
0
0
0
0
0
0
0
0
0
0
0
0
0
0
0
0
0
0
0
0
0
0
0
0
0
0
0
0
0
0
0
0
0
0
0
0
0
0
1
0
0
0
0
0
0
0
0
0
0
0
0
0
0
0
0
0
0
0
1
0
0
0
0
0
0
0
0
0
0
0
0
0
0
0
0
0
0
0
0
0
0
0
0
0
0
0
0
0
0
0
0
0
0
0
0
0
0
0
0
0
0
0
0
0
0
0
0
0
0
0
0
0
0
0
0
0
0
0
0
0
0
0
0
0
0
0
0
0
0
0
0
0
0
0
0
0
0
0
0
0
0
0
0
0
0
0
0
0
0
0
0
0
0
0
0
0
0
0
0
0
0
0
0
0
0
1
0
0
0
0
0
0
0
0
0
0
0
0
0
0
0
0
0
0
0
0
1
0
0
0
0
0
0
0
0
0
0
0
0
0
0
0
0
0
0
0
0
0
0
0
0
0
0
0
0
0
0
0
0
0
0
0
0
0
0
0
0
0
0
0
0
0
0
0
0
0
0
0
0
0
0
0
0
0
0
0
0
0
0
0
0
0
0
0
0
0
0
0
0
0
0
0
0
0
0
0
0
0
0
0
0
0
0
0
0
0
0
0
0
0
0
0
0
0
0
0
0
0
0
0
0
0
0
0
0
0
0
0
0
0
0
0
0
0
0
0
0
0
0
0
0
0
0
0
0
0
0
0
0
0
0
0
0
0
0
0
0
0
0
0
0
0
0
0
0
0
0
0
0
0
0
0
0
0
0
0
0
0
0
0
0
0
0
0
0
0
0
0
0
0
0
0
0
0
0
0
0
0
0
0
0
0
0
0
0
0
)
;
}
)

// ************************************************************************* //
