/*--------------------------------*- C++ -*----------------------------------*\
| =========                 |                                                 |
| \\      /  F ield         | OpenFOAM: The Open Source CFD Toolbox           |
|  \\    /   O peration     | Version:  4.0                                   |
|   \\  /    A nd           | Web:      www.OpenFOAM.org                      |
|    \\/     M anipulation  |                                                 |
\*---------------------------------------------------------------------------*/
FoamFile
{
    version     2.0;
    format      binary;
    class       cellSet;
    location    "constant/polyMesh/sets";
    object      c0;
}
// * * * * * * * * * * * * * * * * * * * * * * * * * * * * * * * * * * * * * //


864
(
49320 
49321 
49325 
49326 
49330 
49331 
49335 
49336 
49340 
49341 
49345 
49346 
49350 
49351 
49355 
49356 
49360 
49361 
49365 
49366 
49370 
49371 
49375 
49376 
49380 
49381 
49385 
49386 
49390 
49391 
49395 
49396 
49400 
49401 
49405 
49406 
50223 
50224 
50228 
50229 
50233 
50234 
50238 
50239 
50243 
50244 
50248 
50249 
50253 
50254 
50258 
50259 
50263 
50264 
50268 
50269 
50273 
50274 
50278 
50279 
50283 
50284 
50288 
50289 
50293 
50294 
50298 
50299 
50303 
50304 
50308 
50309 
34560 
34561 
34565 
34566 
34570 
34571 
34575 
34576 
34580 
34581 
34585 
34586 
34590 
34591 
34595 
34596 
34600 
34601 
34605 
34606 
34610 
34611 
34615 
34616 
34620 
34621 
34625 
34626 
34630 
34631 
34635 
34636 
34640 
34641 
34645 
34646 
35463 
35464 
35468 
35469 
35473 
35474 
35478 
35479 
35483 
35484 
35488 
35489 
35493 
35494 
35498 
35499 
35503 
35504 
35508 
35509 
35513 
35514 
35518 
35519 
35523 
35524 
35528 
35529 
35533 
35534 
35538 
35539 
35543 
35544 
35548 
35549 
19800 
19801 
19805 
19806 
19810 
19811 
19815 
19816 
19820 
19821 
19825 
19826 
19830 
19831 
19835 
19836 
19840 
19841 
19845 
19846 
19850 
19851 
19855 
19856 
19860 
19861 
19865 
19866 
19870 
19871 
19875 
19876 
19880 
19881 
19885 
19886 
86220 
86221 
86225 
86226 
86230 
86231 
86235 
86236 
20703 
20704 
86240 
86241 
20708 
20709 
86245 
86246 
20713 
20714 
86250 
86251 
20718 
20719 
86255 
86256 
20723 
20724 
86260 
86261 
20728 
20729 
86265 
86266 
20733 
20734 
86270 
86271 
20738 
20739 
86275 
86276 
20743 
20744 
86280 
86281 
20748 
20749 
86285 
86286 
20753 
20754 
86290 
86291 
20758 
20759 
86295 
86296 
20763 
20764 
86300 
86301 
20768 
20769 
86305 
86306 
20773 
20774 
20778 
20779 
20783 
20784 
20788 
20789 
5040 
5041 
5045 
5046 
5050 
5051 
5055 
5056 
5060 
5061 
5065 
5066 
5070 
5071 
5075 
5076 
5080 
5081 
5085 
5086 
5090 
5091 
5095 
5096 
5100 
5101 
5105 
5106 
5110 
5111 
5115 
5116 
5120 
5121 
5125 
5126 
87123 
87124 
87128 
87129 
87133 
87134 
87138 
87139 
87143 
87144 
87148 
87149 
87153 
87154 
87158 
87159 
87163 
87164 
87168 
87169 
87173 
87174 
87178 
87179 
87183 
87184 
87188 
87189 
87193 
87194 
87198 
87199 
87203 
87204 
87208 
87209 
71460 
71461 
71465 
71466 
71470 
71471 
71475 
71476 
5943 
5944 
71480 
71481 
5948 
5949 
71485 
71486 
5953 
5954 
71490 
71491 
5958 
5959 
71495 
71496 
5963 
5964 
71500 
71501 
5968 
5969 
71505 
71506 
5973 
5974 
71510 
71511 
5978 
5979 
71515 
71516 
5983 
5984 
71520 
71521 
5988 
5989 
71525 
71526 
5993 
5994 
71530 
71531 
5998 
5999 
71535 
71536 
6003 
6004 
71540 
71541 
6008 
6009 
71545 
71546 
6013 
6014 
6018 
6019 
6023 
6024 
6028 
6029 
72363 
72364 
72368 
72369 
72373 
72374 
72378 
72379 
72383 
72384 
72388 
72389 
72393 
72394 
72398 
72399 
72403 
72404 
72408 
72409 
72413 
72414 
72418 
72419 
72423 
72424 
72428 
72429 
72433 
72434 
72438 
72439 
72443 
72444 
72448 
72449 
56700 
56701 
56705 
56706 
56710 
56711 
56715 
56716 
56720 
56721 
56725 
56726 
56730 
56731 
56735 
56736 
56740 
56741 
56745 
56746 
56750 
56751 
56755 
56756 
56760 
56761 
56765 
56766 
56770 
56771 
56775 
56776 
56780 
56781 
56785 
56786 
57603 
57604 
57608 
57609 
57613 
57614 
57618 
57619 
57623 
57624 
57628 
57629 
57633 
57634 
57638 
57639 
57643 
57644 
57648 
57649 
57653 
57654 
57658 
57659 
57663 
57664 
57668 
57669 
57673 
57674 
57678 
57679 
57683 
57684 
57688 
57689 
41940 
41941 
41945 
41946 
41950 
41951 
41955 
41956 
41960 
41961 
41965 
41966 
41970 
41971 
41975 
41976 
41980 
41981 
41985 
41986 
41990 
41991 
41995 
41996 
42000 
42001 
42005 
42006 
42010 
42011 
42015 
42016 
42020 
42021 
42025 
42026 
42843 
42844 
42848 
42849 
42853 
42854 
42858 
42859 
42863 
42864 
42868 
42869 
42873 
42874 
42878 
42879 
42883 
42884 
42888 
42889 
42893 
42894 
42898 
42899 
42903 
42904 
42908 
42909 
42913 
42914 
42918 
42919 
42923 
42924 
42928 
42929 
27180 
27181 
27185 
27186 
27190 
27191 
27195 
27196 
27200 
27201 
27205 
27206 
27210 
27211 
27215 
27216 
27220 
27221 
27225 
27226 
27230 
27231 
27235 
27236 
27240 
27241 
27245 
27246 
27250 
27251 
27255 
27256 
27260 
27261 
27265 
27266 
28083 
28084 
28088 
28089 
28093 
28094 
28098 
28099 
28103 
28104 
28108 
28109 
28113 
28114 
28118 
28119 
28123 
28124 
28128 
28129 
28133 
28134 
28138 
28139 
28143 
28144 
28148 
28149 
28153 
28154 
28158 
28159 
28163 
28164 
28168 
28169 
12420 
12421 
12425 
12426 
12430 
12431 
12435 
12436 
12440 
12441 
12445 
12446 
12450 
12451 
12455 
12456 
12460 
12461 
12465 
12466 
12470 
12471 
12475 
12476 
12480 
12481 
12485 
12486 
12490 
12491 
12495 
12496 
12500 
12501 
12505 
12506 
78840 
78841 
78845 
78846 
78850 
78851 
78855 
78856 
13323 
13324 
78860 
78861 
13328 
13329 
78865 
78866 
13333 
13334 
78870 
78871 
13338 
13339 
78875 
78876 
13343 
13344 
78880 
78881 
13348 
13349 
78885 
78886 
13353 
13354 
78890 
78891 
13358 
13359 
78895 
78896 
13363 
13364 
78900 
78901 
13368 
13369 
78905 
78906 
13373 
13374 
78910 
78911 
13378 
13379 
78915 
78916 
13383 
13384 
78920 
78921 
13388 
13389 
78925 
78926 
13393 
13394 
13398 
13399 
13403 
13404 
13408 
13409 
79743 
79744 
79748 
79749 
79753 
79754 
79758 
79759 
79763 
79764 
79768 
79769 
79773 
79774 
79778 
79779 
79783 
79784 
79788 
79789 
79793 
79794 
79798 
79799 
79803 
79804 
79808 
79809 
79813 
79814 
79818 
79819 
79823 
79824 
79828 
79829 
64080 
64081 
64085 
64086 
64090 
64091 
64095 
64096 
64100 
64101 
64105 
64106 
64110 
64111 
64115 
64116 
64120 
64121 
64125 
64126 
64130 
64131 
64135 
64136 
64140 
64141 
64145 
64146 
64150 
64151 
64155 
64156 
64160 
64161 
64165 
64166 
64983 
64984 
64988 
64989 
64993 
64994 
64998 
64999 
65003 
65004 
65008 
65009 
65013 
65014 
65018 
65019 
65023 
65024 
65028 
65029 
65033 
65034 
65038 
65039 
65043 
65044 
65048 
65049 
65053 
65054 
65058 
65059 
65063 
65064 
65068 
65069 
)

// ************************************************************************* //
