/*--------------------------------*- C++ -*----------------------------------*\
| =========                 |                                                 |
| \\      /  F ield         | OpenFOAM: The Open Source CFD Toolbox           |
|  \\    /   O peration     | Version:  dev                                   |
|   \\  /    A nd           | Web:      www.OpenFOAM.org                      |
|    \\/     M anipulation  |                                                 |
\*---------------------------------------------------------------------------*/
FoamFile
{
    version     2.0;
    format      ascii;
    class       regIOobject;
    location    "constant/polyMesh";
    object      faceZones;
}
// * * * * * * * * * * * * * * * * * * * * * * * * * * * * * * * * * * * * * //

1
(
MRFzone
{
    type faceZone;
faceLabels      List<label> 
9040
(
1462
1466
1470
1474
1478
1482
1486
1490
1494
1498
1502
1506
1510
1514
1518
1522
1526
1529
1556
2723
2726
2729
2732
2735
2738
2741
2744
2747
2750
2753
2756
2759
2762
2765
2768
2771
2773
2797
3945
3948
3951
3954
3957
3960
3963
3966
3969
3972
3975
3978
3981
3984
3987
3990
3993
3995
4018
5165
5168
5171
5174
5177
5180
5183
5186
5189
5192
5195
5198
5201
5204
5207
5210
5213
5215
5242
6393
6396
6399
6402
6405
6408
6411
6414
6417
6420
6423
6426
6429
6432
6435
6438
6441
6444
6446
6472
7634
7637
7640
7643
7646
7649
7652
7655
7658
7661
7664
7667
7670
7673
7676
7679
7682
7685
7688
7690
7721
8890
8893
8896
8899
8902
8905
8908
8911
8914
8917
8920
8923
8926
8929
8932
8935
8938
8941
8944
8946
8976
10133
10136
10139
10142
10145
10148
10151
10154
10157
10160
10163
10166
10169
10172
10175
10178
10181
10184
10187
10189
10222
11353
11356
11359
11362
11365
11368
11371
11374
11377
11380
11383
11386
11389
11392
11395
11398
11401
11404
11407
11409
11439
11443
12570
12573
12576
12579
12582
12585
12588
12591
12594
12597
12600
12603
12606
12609
12612
12615
12618
12621
12623
12656
13781
13784
13787
13790
13793
13796
13799
13802
13805
13808
13811
13814
13817
13820
13823
13826
13829
13832
13834
13867
14981
14984
14987
14990
14993
14996
14999
15002
15005
15008
15011
15014
15017
15020
15023
15026
15029
15032
15034
15067
16178
16181
16184
16187
16190
16193
16196
16199
16202
16205
16208
16211
16214
16217
16220
16223
16226
16229
16231
16264
17374
17377
17380
17383
17386
17389
17392
17395
17398
17401
17404
17407
17410
17413
17416
17419
17422
17425
17427
17460
18577
18580
18583
18586
18589
18592
18595
18598
18601
18604
18607
18610
18613
18616
18619
18622
18625
18628
18630
18663
18667
19786
19789
19792
19795
19798
19801
19804
19807
19810
19813
19816
19819
19822
19825
19828
19831
19834
19836
19872
20987
20990
20993
20996
20999
21002
21005
21008
21011
21014
21017
21020
21023
21026
21029
21032
21035
21037
21072
22174
22177
22180
22183
22186
22189
22192
22195
22198
22201
22204
22207
22210
22213
22216
22219
22222
22224
22257
23369
23372
23375
23378
23381
23384
23387
23390
23393
23396
23399
23402
23405
23408
23411
23414
23417
23419
23452
23456
24567
24570
24573
24576
24579
24582
24585
24588
24591
24594
24597
24600
24603
24606
24609
24612
24614
24650
25762
25765
25768
25771
25774
25777
25780
25783
25786
25789
25792
25795
25798
25801
25804
25807
25809
25845
26954
26957
26960
26963
26966
26969
26972
26975
26978
26981
26984
26987
26990
26993
26996
26999
27001
27037
28135
28138
28141
28144
28147
28150
28153
28156
28159
28162
28165
28168
28171
28174
28177
28180
28182
28217
28221
29293
29296
29299
29302
29305
29308
29311
29314
29317
29320
29323
29326
29329
29332
29335
29337
29373
30446
30449
30452
30455
30458
30461
30464
30467
30470
30473
30476
30479
30482
30485
30488
30490
30526
30530
31600
31603
31606
31609
31612
31615
31618
31621
31624
31627
31630
31633
31636
31639
31641
31680
32733
32736
32739
32742
32745
32748
32751
32754
32757
32760
32763
32766
32769
32772
32774
32812
33845
33848
33851
33854
33857
33860
33863
33866
33869
33872
33875
33878
33881
33884
33886
33922
33926
34957
34960
34963
34966
34969
34972
34975
34978
34981
34984
34987
34990
34993
34995
35034
36061
36064
36067
36070
36073
36076
36079
36082
36085
36088
36091
36094
36097
36099
36138
36142
37161
37164
37167
37170
37173
37176
37179
37182
37185
37188
37191
37194
37196
37237
37241
38232
38235
38238
38241
38244
38247
38250
38253
38256
38259
38262
38264
38306
39294
39297
39300
39303
39306
39309
39312
39315
39318
39321
39324
39326
39368
39372
40350
40353
40356
40359
40362
40365
40368
40371
40374
40377
40379
40423
40427
41375
41378
41381
41384
41387
41390
41393
41396
41399
41401
41446
41450
42398
42401
42404
42407
42410
42413
42416
42419
42421
42469
42473
43412
43415
43418
43421
43424
43427
43430
43432
43482
43486
44395
44398
44401
44404
44407
44410
44412
44463
44467
44470
45382
45385
45388
45391
45393
45450
45454
45457
46351
46354
46356
46418
46422
46425
46427
61169
61173
61177
61181
61185
61189
61193
61197
61201
61205
61209
61213
61217
61221
61225
61229
61233
61237
61351
62446
62449
62452
62455
62458
62461
62464
62467
62470
62473
62476
62479
62482
62485
62488
62491
62494
62497
62582
63664
63667
63670
63673
63676
63679
63682
63685
63688
63691
63694
63697
63700
63703
63706
63709
63712
63715
63800
64886
64889
64892
64895
64898
64901
64904
64907
64910
64913
64916
64919
64922
64925
64928
64931
64934
64937
64940
65028
66121
66124
66127
66130
66133
66136
66139
66142
66145
66148
66151
66154
66157
66160
66163
66166
66169
66172
66175
66178
66269
67364
67367
67370
67373
67376
67379
67382
67385
67388
67391
67394
67397
67400
67403
67406
67409
67412
67415
67418
67421
67512
68593
68596
68599
68602
68605
68608
68611
68614
68617
68620
68623
68626
68629
68632
68635
68638
68641
68644
68647
68650
68740
69799
69802
69805
69808
69811
69814
69817
69820
69823
69826
69829
69832
69835
69838
69841
69844
69847
69850
69853
69856
69944
69945
70997
71000
71003
71006
71009
71012
71015
71018
71021
71024
71027
71030
71033
71036
71039
71042
71045
71048
71051
71139
72194
72197
72200
72203
72206
72209
72212
72215
72218
72221
72224
72227
72230
72233
72236
72239
72242
72245
72248
72336
73380
73383
73386
73389
73392
73395
73398
73401
73404
73407
73410
73413
73416
73419
73422
73425
73428
73431
73434
73522
74567
74570
74573
74576
74579
74582
74585
74588
74591
74594
74597
74600
74603
74606
74609
74612
74615
74618
74621
74709
75751
75754
75757
75760
75763
75766
75769
75772
75775
75778
75781
75784
75787
75790
75793
75796
75799
75802
75805
75893
76942
76945
76948
76951
76954
76957
76960
76963
76966
76969
76972
76975
76978
76981
76984
76987
76990
76993
76996
77084
77085
78136
78139
78142
78145
78148
78151
78154
78157
78160
78163
78166
78169
78172
78175
78178
78181
78184
78187
78275
79331
79334
79337
79340
79343
79346
79349
79352
79355
79358
79361
79364
79367
79370
79373
79376
79379
79382
79469
80511
80514
80517
80520
80523
80526
80529
80532
80535
80538
80541
80544
80547
80550
80553
80556
80559
80562
80647
81692
81695
81698
81701
81704
81707
81710
81713
81716
81719
81722
81725
81728
81731
81734
81737
81740
81743
81828
81829
82873
82876
82879
82882
82885
82888
82891
82894
82897
82900
82903
82906
82909
82912
82915
82918
82921
83006
84054
84057
84060
84063
84066
84069
84072
84075
84078
84081
84084
84087
84090
84093
84096
84099
84102
84186
85232
85235
85238
85241
85244
85247
85250
85253
85256
85259
85262
85265
85268
85271
85274
85277
85280
85364
86404
86407
86410
86413
86416
86419
86422
86425
86428
86431
86434
86437
86440
86443
86446
86449
86452
86536
86537
87551
87554
87557
87560
87563
87566
87569
87572
87575
87578
87581
87584
87587
87590
87593
87596
87678
88698
88701
88704
88707
88710
88713
88716
88719
88722
88725
88728
88731
88734
88737
88740
88743
88825
88826
89842
89845
89848
89851
89854
89857
89860
89863
89866
89869
89872
89875
89878
89881
89884
89966
90973
90976
90979
90982
90985
90988
90991
90994
90997
91000
91003
91006
91009
91012
91015
91096
92083
92086
92089
92092
92095
92098
92101
92104
92107
92110
92113
92116
92119
92122
92125
92204
92205
93192
93195
93198
93201
93204
93207
93210
93213
93216
93219
93222
93225
93228
93231
93310
94295
94298
94301
94304
94307
94310
94313
94316
94319
94322
94325
94328
94331
94334
94413
94414
95396
95399
95402
95405
95408
95411
95414
95417
95420
95423
95426
95429
95432
95510
95511
96468
96471
96474
96477
96480
96483
96486
96489
96492
96495
96498
96501
96577
97536
97539
97542
97545
97548
97551
97554
97557
97560
97563
97566
97569
97645
97646
98595
98598
98601
98604
98607
98610
98613
98616
98619
98622
98625
98700
98701
99628
99631
99634
99637
99640
99643
99646
99649
99652
99655
99728
99729
100656
100659
100662
100665
100668
100671
100674
100677
100680
100753
100754
101680
101683
101686
101689
101692
101695
101698
101701
101773
101774
102670
102673
102676
102679
102682
102685
102688
102757
102758
102759
102827
103656
103659
103662
103665
103668
103737
103738
103740
103808
103810
103811
104634
104637
104640
104705
104708
104709
104711
104774
104778
104780
104781
132010
132012
132914
132916
132977
132979
132980
133883
133886
133889
133892
133894
133950
133952
133953
134857
134860
134863
134866
134869
134872
134874
134925
134926
135875
135878
135881
135884
135887
135890
135893
135895
135946
135947
136892
136895
136898
136901
136904
136907
136910
136913
136915
136963
136964
137909
137912
137915
137918
137921
137924
137927
137930
137933
137935
137980
137981
138969
138972
138975
138978
138981
138984
138987
138990
138993
138996
138998
139043
139044
140028
140031
140034
140037
140040
140043
140046
140049
140052
140055
140058
140060
140102
141096
141099
141102
141105
141108
141111
141114
141117
141120
141123
141126
141128
141170
141171
142198
142201
142204
142207
142210
142213
142216
142219
142222
142225
142228
142231
142233
142275
142276
143299
143302
143305
143308
143311
143314
143317
143320
143323
143326
143329
143332
143335
143337
143376
144410
144413
144416
144419
144422
144425
144428
144431
144434
144437
144440
144443
144446
144448
144487
144488
145515
145518
145521
145524
145527
145530
145533
145536
145539
145542
145545
145548
145551
145554
145556
145592
146658
146661
146664
146667
146670
146673
146676
146679
146682
146685
146688
146691
146694
146697
146699
146738
147811
147814
147817
147820
147823
147826
147829
147832
147835
147838
147841
147844
147847
147850
147852
147891
147892
148961
148964
148967
148970
148973
148976
148979
148982
148985
148988
148991
148994
148997
149000
149003
149005
149041
150114
150117
150120
150123
150126
150129
150132
150135
150138
150141
150144
150147
150150
150153
150156
150158
150194
150195
151300
151303
151306
151309
151312
151315
151318
151321
151324
151327
151330
151333
151336
151339
151342
151345
151347
151383
152495
152498
152501
152504
152507
152510
152513
152516
152519
152522
152525
152528
152531
152534
152537
152540
152542
152578
153690
153693
153696
153699
153702
153705
153708
153711
153714
153717
153720
153723
153726
153729
153732
153735
153737
153773
154885
154888
154891
154894
154897
154900
154903
154906
154909
154912
154915
154918
154921
154924
154927
154930
154932
154968
154969
156077
156080
156083
156086
156089
156092
156095
156098
156101
156104
156107
156110
156113
156116
156119
156122
156125
156127
156160
157275
157278
157281
157284
157287
157290
157293
157296
157299
157302
157305
157308
157311
157314
157317
157320
157323
157325
157358
158508
158511
158514
158517
158520
158523
158526
158529
158532
158535
158538
158541
158544
158547
158550
158553
158556
158558
158594
159745
159748
159751
159754
159757
159760
159763
159766
159769
159772
159775
159778
159781
159784
159787
159790
159793
159795
159831
159832
160979
160982
160985
160988
160991
160994
160997
161000
161003
161006
161009
161012
161015
161018
161021
161024
161027
161030
161032
161065
162216
162219
162222
162225
162228
162231
162234
162237
162240
162243
162246
162249
162252
162255
162258
162261
162264
162267
162269
162302
163452
163455
163458
163461
163464
163467
163470
163473
163476
163479
163482
163485
163488
163491
163494
163497
163500
163503
163505
163538
164681
164684
164687
164690
164693
164696
164699
164702
164705
164708
164711
164714
164717
164720
164723
164726
164729
164732
164734
164767
165909
165912
165915
165918
165921
165924
165927
165930
165933
165936
165939
165942
165945
165948
165951
165954
165957
165960
165962
165995
167131
167134
167137
167140
167143
167146
167149
167152
167155
167158
167161
167164
167167
167170
167173
167176
167179
167182
167184
167217
167218
168344
168347
168350
168353
168356
168359
168362
168365
168368
168371
168374
168377
168380
168383
168386
168389
168392
168395
168398
168400
168430
169595
169598
169601
169604
169607
169610
169613
169616
169619
169622
169625
169628
169631
169634
169637
169640
169643
169646
169649
169651
169684
170853
170856
170859
170862
170865
170868
170871
170874
170877
170880
170883
170886
170889
170892
170895
170898
170901
170904
170907
170909
170942
172106
172109
172112
172115
172118
172121
172124
172127
172130
172133
172136
172139
172142
172145
172148
172151
172154
172157
172160
172162
172194
173348
173351
173354
173357
173360
173363
173366
173369
173372
173375
173378
173381
173384
173387
173390
173393
173396
173399
173401
173432
174581
174584
174587
174590
174593
174596
174599
174602
174605
174608
174611
174614
174617
174620
174623
174626
174629
174631
174663
175810
175813
175816
175819
175822
175825
175828
175831
175834
175837
175840
175843
175846
175849
175852
175855
175858
175860
175892
177042
177045
177048
177051
177054
177057
177060
177063
177066
177069
177072
177075
177078
177081
177084
177087
177090
177092
177124
177905
177907
177909
177911
177913
177915
177917
177919
177921
177923
177925
177927
177929
177931
177933
177935
177937
177938
177963
179048
179051
179054
179057
179060
179063
179066
179069
179072
179075
179078
179081
179084
179087
179090
179093
179096
179099
179184
192476
192480
192483
193357
193361
193364
193435
193439
193442
194308
194311
194314
194317
194320
194387
194391
194394
195249
195252
195255
195258
195261
195264
195267
195329
195333
196209
196212
196215
196218
196221
196224
196227
196230
196293
196297
197168
197171
197174
197177
197180
197183
197186
197189
197192
197255
197259
198118
198121
198124
198127
198130
198133
198136
198139
198142
198145
198208
198212
199102
199105
199108
199111
199114
199117
199120
199123
199126
199129
199132
199198
199201
200081
200084
200087
200090
200093
200096
200099
200102
200105
200108
200111
200114
200186
201073
201076
201079
201082
201085
201088
201091
201094
201097
201100
201103
201106
201182
201185
202113
202116
202119
202122
202125
202128
202131
202134
202137
202140
202143
202146
202149
202228
202231
203165
203168
203171
203174
203177
203180
203183
203186
203189
203192
203195
203198
203201
203204
203283
204223
204226
204229
204232
204235
204238
204241
204244
204247
204250
204253
204256
204259
204262
204341
204344
205280
205283
205286
205289
205292
205295
205298
205301
205304
205307
205310
205313
205316
205319
205322
205400
206372
206375
206378
206381
206384
206387
206390
206393
206396
206399
206402
206405
206408
206411
206414
206495
207470
207473
207476
207479
207482
207485
207488
207491
207494
207497
207500
207503
207506
207509
207512
207593
207596
208564
208567
208570
208573
208576
208579
208582
208585
208588
208591
208594
208597
208600
208603
208606
208609
208691
209667
209670
209673
209676
209679
209682
209685
209688
209691
209694
209697
209700
209703
209706
209709
209712
209794
209797
210801
210804
210807
210810
210813
210816
210819
210822
210825
210828
210831
210834
210837
210840
210843
210846
210849
210934
211946
211949
211952
211955
211958
211961
211964
211967
211970
211973
211976
211979
211982
211985
211988
211991
211994
212079
213086
213089
213092
213095
213098
213101
213104
213107
213110
213113
213116
213119
213122
213125
213128
213131
213134
213219
214234
214237
214240
214243
214246
214249
214252
214255
214258
214261
214264
214267
214270
214273
214276
214279
214282
214367
214371
215377
215380
215383
215386
215389
215392
215395
215398
215401
215404
215407
215410
215413
215416
215419
215422
215425
215428
215513
216528
216531
216534
216537
216540
216543
216546
216549
216552
216555
216558
216561
216564
216567
216570
216573
216576
216579
216664
217711
217714
217717
217720
217723
217726
217729
217732
217735
217738
217741
217744
217747
217750
217753
217756
217759
217762
217850
218908
218911
218914
218917
218920
218923
218926
218929
218932
218935
218938
218941
218944
218947
218950
218953
218956
218959
219047
219051
220104
220107
220110
220113
220116
220119
220122
220125
220128
220131
220134
220137
220140
220143
220146
220149
220152
220155
220158
220246
221308
221311
221314
221317
221320
221323
221326
221329
221332
221335
221338
221341
221344
221347
221350
221353
221356
221359
221362
221450
222510
222513
222516
222519
222522
222525
222528
222531
222534
222537
222540
222543
222546
222549
222552
222555
222558
222561
222564
222652
223713
223716
223719
223722
223725
223728
223731
223734
223737
223740
223743
223746
223749
223752
223755
223758
223761
223764
223767
223855
224913
224916
224919
224922
224925
224928
224931
224934
224937
224940
224943
224946
224949
224952
224955
224958
224961
224964
224967
225055
226116
226119
226122
226125
226128
226131
226134
226137
226140
226143
226146
226149
226152
226155
226158
226161
226164
226167
226170
226258
226262
227321
227324
227327
227330
227333
227336
227339
227342
227345
227348
227351
227354
227357
227360
227363
227366
227369
227372
227375
227378
227466
228564
228567
228570
228573
228576
228579
228582
228585
228588
228591
228594
228597
228600
228603
228606
228609
228612
228615
228618
228621
228711
229804
229807
229810
229813
229816
229819
229822
229825
229828
229831
229834
229837
229840
229843
229846
229849
229852
229855
229858
229861
229946
231026
231028
231031
231034
231037
231040
231043
231046
231049
231052
231055
231058
231061
231064
231067
231070
231073
231076
231079
231082
231162
232230
232232
232235
232238
232241
232244
232247
232250
232253
232256
232259
232262
232265
232268
232271
232274
232277
232280
232283
232360
233422
233425
233428
233431
233434
233437
233440
233443
233446
233449
233452
233455
233458
233461
233464
233467
233470
233473
233548
234606
234609
234612
234615
234618
234621
234624
234627
234630
234633
234636
234639
234642
234645
234648
234651
234654
234657
234732
235790
235793
235796
235799
235802
235805
235808
235811
235814
235817
235820
235823
235826
235829
235832
235835
235838
235841
235916
236627
236629
236631
236633
236635
236637
236639
236641
236643
236645
236647
236649
236651
236653
236655
236657
236659
236661
236717
236787
236902
237017
237129
237232
237333
237436
237539
237642
237745
237848
237951
238066
238181
238294
238380
238466
238549
238621
238692
238768
238845
238922
238999
239076
239153
239239
239325
239418
239504
239589
239666
239734
239804
239878
239955
240032
240109
240186
240263
240349
240435
240526
240609
240687
240762
240831
240899
240973
241050
241127
241204
241281
241358
241444
241530
241620
241702
241783
241862
241933
242004
242078
242155
242235
242315
242395
242475
242564
242653
242744
242831
242917
242997
243068
243139
243212
243289
243369
243449
243529
243609
243702
243795
243889
243978
244062
244143
244216
244288
244359
244436
244516
244596
244676
244756
244849
244942
245034
245123
245207
245289
245362
245435
245508
245583
245662
245744
245826
245908
246000
246092
246182
246187
246270
246275
246353
246358
246431
246436
246502
246507
246574
246579
246646
246651
246717
246722
246794
246799
246874
246879
246954
246959
247034
247039
247124
247129
247214
247218
247307
247395
247476
247555
247630
247706
247780
247854
247931
248011
248094
248177
248267
248357
248447
248535
248616
248698
248781
248862
248943
249025
249108
249190
249276
249365
249455
249545
249635
249724
249808
249891
249972
250053
250135
250218
250299
250381
250466
250555
250645
250735
250825
250915
251001
251082
251164
251247
251330
251411
251493
251576
251659
251748
251838
251928
252018
252108
252195
252277
252360
252441
252522
252604
252687
252768
252851
252940
253030
253120
253210
253215
253300
253305
253389
253394
253473
253478
253554
253559
253635
253640
253717
253722
253800
253805
253881
253886
253962
253967
254045
254050
254133
254138
254223
254228
254313
254317
254406
254496
254585
254669
254750
254832
254915
254996
255077
255159
255243
255329
255419
255509
255598
255687
255775
255858
255939
256021
256101
256181
256262
256344
256425
256510
256599
256688
256775
256862
256948
257030
257110
257188
257266
257345
257425
257503
257582
257664
257750
257837
257924
257929
258011
258016
258098
258103
258183
258188
258261
258266
258340
258345
258420
258425
258500
258505
258578
258583
258657
258662
258737
258742
258817
258822
258903
258908
258990
258994
259080
259167
259254
259339
259418
259498
259576
259654
259733
259813
259891
259971
260057
260144
260231
260318
260405
260492
260575
260653
260731
260810
260890
260968
261046
261126
261211
261298
261385
261471
261558
261645
261729
261807
261886
261966
262044
262122
262201
262282
262365
262452
262538
262543
262623
262628
262709
262714
262795
262800
262879
262884
262957
262962
263036
263041
263113
263118
263190
263195
263268
263273
263347
263352
263425
263430
263507
263512
263593
263597
263680
263763
263847
263931
264014
264092
264167
264242
264318
264395
264470
264546
264625
264708
264792
264797
264875
264880
264959
264964
265043
265048
265127
265132
265208
265213
265284
265289
265361
265366
265438
265443
265513
265518
265589
265594
265666
265671
265743
265748
265826
265830
265913
265996
266080
266164
266248
266331
266409
266484
266559
266635
266712
266787
266864
266947
267030
267112
267195
267278
267361
267444
267523
267597
267672
267748
267822
267896
267972
268053
268134
268139
268214
268219
268295
268300
268376
268381
268457
268462
268538
268543
268617
268622
268690
268695
268764
268769
268836
268841
268908
268913
268981
268986
269056
269061
269133
269137
269217
269297
269378
269459
269540
269621
269701
269776
269848
269920
269993
270067
270140
270217
270298
270303
270378
270383
270459
270464
270540
270545
270621
270626
270702
270707
270783
270788
270862
270867
270934
270939
271007
271012
271081
271086
271153
271158
271226
271231
271302
271306
271384
271389
271463
271468
271543
271548
271623
271628
271703
271708
271783
271788
271863
271868
271943
271948
272020
272025
272093
272098
272164
272169
272236
272241
272309
272314
272382
272386
272463
272540
272618
272696
272774
272852
272930
273008
273085
273157
273227
273298
273367
273438
273516
273521
273593
273598
273671
273676
273749
273754
273827
273832
273905
273910
273983
273988
274061
274066
274139
274144
274216
274221
274291
274296
274363
274368
274433
274438
274511
274515
274591
274596
274667
274672
274744
274749
274821
274826
274898
274903
274975
274980
275052
275057
275129
275134
275206
275211
275283
275288
275360
275365
275437
275442
275514
275519
275591
275595
275669
275674
275743
275748
275818
275823
275893
275898
275968
275973
276043
276048
276118
276123
276193
276198
276268
276273
276343
276348
276418
276423
276493
276498
276568
276573
276643
276647
276721
276726
276795
276800
276870
276875
276945
276950
277020
277025
277095
277100
277170
277175
277245
277250
277320
277325
277395
277400
277470
277475
277545
277550
277620
277625
277695
277699
277772
277777
277845
277850
277919
277924
277993
277998
278067
278072
278141
278146
278215
278220
278289
278294
278363
278368
278437
278442
278511
278516
278585
278590
278659
278664
278733
278737
278811
278816
278819
278882
278887
278890
278954
278959
278962
279026
279031
279034
279098
279103
279106
279170
279175
279178
279242
279247
279250
279314
279319
279322
279386
279391
279394
279458
279463
279466
279530
279535
279538
279602
279607
279610
279674
279679
279682
279746
279750
279753
279824
279829
279832
279895
279900
279903
279967
279972
279975
280039
280044
280047
280111
280116
280119
280183
280188
280191
280255
280260
280263
280327
280332
280335
280399
280404
280407
280471
280476
280479
280543
280548
280551
280615
280620
280623
280687
280692
280695
280759
280763
280766
280840
280845
280848
280850
280910
280915
280918
280920
280981
280986
280989
280991
281052
281057
281060
281062
281123
281128
281131
281133
281194
281199
281202
281204
281265
281270
281273
281275
281336
281341
281344
281346
281407
281412
281415
281417
281478
281483
281486
281488
281549
281554
281557
281559
281620
281625
281628
281630
281691
281696
281699
281701
281762
281766
281769
281771
296157
296272
296384
296487
296590
296693
296773
296824
296927
297030
297133
297248
297363
297478
297576
297662
297745
297822
297899
297966
298006
298083
298160
298237
298314
298400
298486
298572
298658
298744
298827
298904
298981
299045
299083
299160
299237
299314
299391
299477
299563
299649
299738
299827
299913
299993
300073
300132
300170
300250
300330
300410
300490
300579
300668
300757
300849
300941
301029
301109
301182
301226
301306
301386
301466
301546
301626
301718
301810
301902
301998
302090
302178
302258
302325
302366
302446
302526
302606
302686
302766
302858
302950
303042
303142
303233
303321
303402
303459
303499
303581
303663
303745
303827
303909
304000
304091
304182
304280
304282
304369
304371
304455
304457
304525
304527
304566
304568
304646
304648
304726
304728
304806
304808
304886
304888
304966
304968
305046
305048
305135
305137
305224
305226
305313
305314
305410
305499
305586
305656
305698
305781
305864
305947
306030
306113
306196
306285
306374
306463
306562
306651
306740
306811
306862
306951
307040
307129
307217
307302
307385
307474
307563
307652
307755
307844
307927
307984
308073
308162
308251
308340
308429
308516
308599
308688
308777
308866
308968
309057
309135
309189
309278
309367
309456
309545
309634
309721
309804
309893
309982
310071
310177
310266
310339
310396
310485
310574
310663
310752
310841
310928
311010
311096
311185
311274
311379
311381
311462
311464
311526
311528
311615
311617
311704
311706
311793
311795
311882
311884
311971
311973
312060
312062
312148
312150
312232
312234
312314
312316
312403
312405
312492
312493
312598
312679
312742
312831
312920
313009
313098
313187
313276
313364
313448
313530
313618
313707
313815
313890
313953
314041
314129
314217
314305
314393
314481
314568
314652
314734
314818
314906
315012
315079
315165
315251
315337
315423
315509
315595
315681
315767
315851
315930
316012
316098
316201
316203
316270
316272
316356
316358
316442
316444
316528
316530
316614
316616
316700
316702
316786
316788
316872
316874
316958
316960
317042
317044
317120
317122
317201
317203
317287
317288
317391
317463
317549
317635
317721
317807
317893
317979
318065
318151
318235
318314
318394
318479
318581
318667
318753
318839
318925
319011
319097
319183
319269
319355
319440
319521
319599
319681
319787
319873
319959
320045
320131
320217
320303
320389
320475
320561
320646
320727
320805
320886
320994
320996
321079
321081
321164
321166
321249
321251
321334
321336
321419
321421
321504
321506
321589
321591
321674
321676
321759
321761
321843
321845
321924
321926
322002
322004
322080
322081
322188
322271
322354
322437
322520
322603
322686
322769
322852
322935
323018
323099
323174
323250
323356
323358
323439
323441
323522
323524
323605
323607
323688
323690
323771
323773
323854
323856
323937
323939
324020
324022
324103
324105
324186
324188
324267
324269
324342
324344
324417
324418
324520
324603
324686
324769
324852
324935
325018
325101
325184
325267
325350
325431
325507
325583
325683
325765
325847
325929
326011
326093
326175
326257
326339
326421
326503
326584
326661
326734
326835
326837
326915
326917
326995
326997
327075
327077
327155
327157
327235
327237
327315
327317
327395
327397
327475
327477
327555
327557
327635
327637
327714
327716
327789
327791
327861
327862
327961
328041
328121
328201
328281
328361
328441
328521
328601
328681
328761
328840
328916
328990
329096
329098
329176
329178
329256
329258
329336
329338
329416
329418
329496
329498
329576
329578
329656
329658
329736
329738
329816
329818
329896
329898
329976
329978
330054
330056
330127
330128
330228
330230
330307
330309
330386
330388
330465
330467
330544
330546
330623
330625
330702
330704
330781
330783
330860
330862
330939
330941
331018
331020
331097
331099
331174
331176
331253
331254
331348
331425
331502
331579
331656
331733
331810
331887
331964
332041
332118
332195
332272
332349
332446
332448
332523
332525
332600
332602
332677
332679
332754
332756
332831
332833
332908
332910
332985
332987
333062
333064
333139
333141
333216
333218
333293
333295
333370
333372
333447
333449
333525
333526
333549
333551
333625
333627
333701
333703
333777
333779
333853
333855
333929
333931
334005
334007
334081
334083
334157
334159
334233
334235
334309
334311
334385
334387
334461
334463
334537
334539
334614
334615
334634
334636
334708
334710
334782
334784
334856
334858
334930
334932
335004
335006
335078
335080
335152
335154
335226
335228
335300
335302
335374
335376
335448
335450
335522
335524
335596
335598
335671
335672
335693
335695
335767
335769
335841
335843
335915
335917
335989
335991
336063
336065
336137
336139
336211
336213
336285
336287
336359
336361
336433
336435
336507
336509
336581
336583
336655
336657
336730
336731
336754
336756
336827
336829
336900
336902
336973
336975
337046
337048
337119
337121
337192
337194
337265
337267
337338
337340
337411
337413
337484
337486
337557
337559
337630
337632
337703
337705
337777
337778
337808
337810
337876
337877
337879
337947
337948
337950
338018
338019
338021
338089
338090
338092
338160
338161
338163
338231
338232
338234
338302
338303
338305
338373
338374
338376
338444
338445
338447
338515
338516
338518
338586
338587
338589
338657
338658
338660
338728
338729
338731
338799
338801
338802
338890
338891
338893
338961
338962
338964
339032
339033
339035
339103
339104
339106
339174
339175
339177
339245
339246
339248
339316
339317
339319
339387
339388
339390
339458
339459
339461
339529
339530
339532
339600
339601
339603
339671
339672
339674
339742
339743
339745
339813
339815
339816
339902
339905
339906
339908
339972
339975
339976
339978
340042
340045
340046
340048
340112
340115
340116
340118
340182
340185
340186
340188
340252
340255
340256
340258
340322
340325
340326
340328
340392
340395
340396
340398
340462
340465
340466
340468
340532
340535
340536
340538
340602
340605
340606
340608
340672
340675
340676
340678
340742
340745
340746
340748
340811
340815
340817
340818
368719
368782
368785
368787
368851
368854
368856
368920
368923
368925
368989
368992
368994
369058
369061
369063
369127
369130
369132
369196
369199
369201
369265
369268
369270
369334
369337
369339
369403
369406
369408
369472
369475
369477
369541
369544
369546
369610
369613
369615
369678
369681
369683
369686
369747
369748
369750
369819
369820
369822
369891
369892
369894
369963
369964
369966
370035
370036
370038
370107
370108
370110
370179
370180
370182
370251
370252
370254
370323
370324
370326
370395
370396
370398
370467
370468
370470
370539
370540
370542
370611
370612
370614
370682
370684
370685
370749
370750
370752
370821
370822
370824
370893
370894
370896
370965
370966
370968
371037
371038
371040
371109
371110
371112
371181
371182
371184
371253
371254
371256
371325
371326
371328
371397
371398
371400
371469
371470
371472
371541
371542
371544
371613
371614
371616
371684
371686
371687
371752
371754
371824
371826
371896
371898
371968
371970
372040
372042
372112
372114
372184
372186
372256
372258
372328
372330
372400
372402
372472
372474
372544
372546
372616
372618
372688
372689
372760
372762
372835
372837
372910
372912
372985
372987
373060
373062
373135
373137
373210
373212
373285
373287
373360
373362
373435
373437
373510
373512
373585
373587
373660
373662
373735
373736
373807
373809
373882
373884
373957
373959
374032
374034
374107
374109
374182
374184
374257
374259
374332
374334
374407
374409
374482
374484
374557
374559
374632
374634
374707
374709
374782
374783
374854
374856
374929
374931
375004
375006
375079
375081
375154
375156
375228
375230
375303
375305
375378
375380
375453
375455
375528
375530
375603
375605
375678
375680
375753
375755
375828
375829
375903
375905
375981
375983
376059
376061
376137
376139
376209
376211
376281
376283
376355
376357
376432
376434
376510
376512
376588
376590
376666
376668
376744
376746
376822
376824
376900
376901
376975
377053
377131
377205
377275
377346
377416
377489
377567
377645
377723
377801
377879
377957
378035
378037
378113
378115
378190
378192
378263
378265
378334
378336
378403
378405
378472
378474
378543
378545
378618
378620
378696
378698
378774
378776
378852
378854
378930
378932
379008
379009
379086
379088
379167
379169
379248
379250
379326
379328
379398
379400
379470
379472
379543
379545
379617
379619
379691
379693
379771
379773
379852
379854
379933
379935
380014
380016
380095
380096
380173
380254
380335
380413
380485
380558
380632
380704
380777
380854
380935
381016
381097
381178
381259
381261
381340
381342
381421
381423
381499
381501
381572
381574
381646
381648
381718
381720
381790
381792
381863
381865
381939
381941
382019
382021
382100
382102
382181
382183
382262
382263
382340
382421
382502
382581
382656
382728
382801
382875
382949
383022
383099
383180
383261
383342
383426
383510
383594
383677
383755
383831
383908
383983
384058
384134
384213
384297
384381
384465
384549
384551
384633
384635
384717
384719
384800
384802
384879
384881
384956
384958
385031
385033
385106
385108
385182
385184
385259
385261
385335
385337
385417
385419
385501
385503
385585
385586
385666
385750
385834
385918
385999
386074
386149
386225
386302
386377
386453
386533
386617
386701
386785
386787
386869
386871
386953
386955
387037
387039
387118
387120
387193
387195
387269
387271
387346
387348
387421
387423
387496
387498
387572
387574
387651
387653
387735
387737
387819
387820
387903
387990
388077
388164
388248
388327
388407
388485
388563
388642
388722
388801
388886
388973
389060
389147
389234
389321
389406
389487
389565
389644
389724
389804
389882
389961
390043
390130
390217
390304
390391
390478
390564
390645
390724
390804
390882
390960
391039
391119
391199
391286
391373
391375
391460
391462
391547
391549
391634
391636
391720
391722
391802
391804
391882
391884
391960
391962
392038
392040
392117
392119
392197
392199
392275
392277
392355
392357
392442
392443
392526
392613
392700
392787
392874
392958
393036
393114
393193
393273
393351
393429
393509
393594
393681
393768
393855
393942
394029
394113
394191
394270
394350
394428
394506
394585
394665
394747
394837
394927
395017
395107
395197
395284
395366
395449
395530
395611
395693
395776
395857
395940
396030
396032
396120
396122
396210
396212
396300
396302
396390
396392
396478
396480
396562
396564
396643
396645
396725
396727
396808
396810
396891
396893
396972
396974
397054
397056
397138
397139
397225
397315
397405
397495
397585
397674
397758
397840
397923
398004
398085
398167
398250
398332
398420
398510
398600
398690
398780
398869
398954
399037
399118
399199
399281
399364
399445
399527
399613
399703
399793
399883
399973
400063
400150
400231
400312
400394
400477
400558
400639
400721
400806
400896
400986
401076
401166
401256
401343
401424
401506
401589
401670
401751
401833
401916
401999
402089
402179
402269
402357
402445
402530
402612
402694
402772
402851
402931
403014
403095
403178
403180
403268
403270
403358
403360
403446
403448
403528
403530
403610
403612
403692
403694
403773
403775
403851
403853
403924
403926
403998
404000
404073
404075
404154
404156
404236
404237
404317
404407
404497
404584
404664
404744
404824
404904
404983
405058
405127
405198
405280
405363
405448
405541
405634
405724
405806
405888
405970
406052
406133
406211
406283
406357
406443
406527
406612
406705
406798
406887
406967
407047
407127
407207
407287
407365
407438
407510
407594
407678
407763
407855
407947
408035
408115
408195
408275
408355
408435
408514
408589
408658
408741
408825
408910
408998
409086
409171
409250
409329
409408
409487
409566
409644
409719
409788
409868
409949
410028
410114
410200
410283
410360
410437
410514
410591
410668
410745
410821
410893
410972
411053
411139
411225
411311
411394
411471
411548
411625
411702
411779
411856
411932
412004
412090
412176
412262
412348
412434
412517
412594
412671
412748
412825
412902
412979
413056
413133
413219
413305
413381
413438
413495
413549
413600
413651
413702
413753
413804
413855
413906
413957
414014
414071
414164
414250
414333
414410
414487
414564
414628
414666
414743
414820
414897
414983
415069
415155
428042
428045
428048
428110
428113
428116
428178
428181
428184
428246
428249
428252
428313
428316
428319
428380
428383
428386
428447
428450
428453
428514
428517
428520
428581
428584
428587
428648
428651
428654
428715
428718
428721
428782
428785
428788
428849
428852
428855
428915
428918
428921
429002
429007
429010
429071
429076
429079
429140
429145
429148
429208
429213
429216
429273
429278
429281
429338
429343
429346
429403
429408
429411
429468
429473
429476
429533
429538
429541
429598
429603
429606
429663
429668
429671
429728
429733
429736
429793
429798
429801
429858
429862
429865
429938
429943
429946
430002
430007
430010
430065
430070
430073
430127
430132
430135
430188
430193
430196
430249
430254
430257
430310
430315
430318
430371
430376
430379
430432
430437
430440
430493
430498
430501
430554
430559
430562
430615
430620
430623
430676
430681
430684
430737
430741
430744
430817
430822
430878
430883
430939
430944
431000
431005
431061
431066
431122
431127
431183
431188
431244
431249
431305
431310
431366
431371
431427
431432
431488
431493
431549
431554
431610
431614
431684
431689
431745
431750
431809
431814
431873
431878
431937
431942
432001
432006
432065
432070
432129
432134
432193
432198
432257
432262
432321
432326
432385
432390
432449
432454
432513
432517
432586
432591
432647
432652
432711
432716
432775
432780
432839
432844
432903
432908
432967
432972
433031
433036
433095
433100
433159
433164
433223
433228
433287
433292
433351
433356
433415
433419
433487
433492
433554
433559
433620
433625
433684
433689
433748
433753
433812
433817
433876
433881
433940
433945
434004
434009
434068
434073
434132
434137
434196
434201
434260
434265
434324
434328
434401
434406
434471
434476
434541
434546
434614
434619
434687
434692
434764
434769
434841
434846
434918
434923
434995
435000
435072
435077
435149
435154
435226
435231
435303
435308
435380
435384
435465
435542
435617
435694
435771
435848
435925
436002
436079
436156
436233
436310
436387
436464
436553
436558
436626
436631
436700
436705
436777
436782
436854
436859
436931
436936
437008
437013
437085
437090
437162
437167
437239
437244
437316
437321
437393
437398
437470
437475
437547
437551
437636
437641
437708
437713
437784
437789
437864
437869
437944
437949
438024
438029
438104
438109
438184
438189
438264
438269
438344
438349
438424
438429
438504
438509
438584
438589
438664
438668
438755
438828
438902
438982
439062
439142
439222
439302
439382
439462
439542
439622
439702
439782
439866
439871
439937
439942
440011
440016
440091
440096
440171
440176
440251
440256
440331
440336
440411
440416
440491
440496
440571
440576
440651
440656
440731
440736
440811
440816
440891
440895
440977
441048
441122
441201
441281
441361
441441
441521
441601
441681
441761
441841
441921
442001
442086
442161
442238
442318
442401
442484
442567
442650
442733
442816
442899
442982
443065
443148
443238
443243
443314
443319
443389
443394
443469
443474
443552
443557
443635
443640
443718
443723
443801
443806
443884
443889
443967
443972
444050
444055
444133
444138
444216
444221
444299
444303
444392
444466
444541
444620
444703
444786
444869
444952
445035
445118
445201
445284
445367
445450
445543
445548
445618
445623
445694
445699
445771
445776
445854
445859
445937
445942
446020
446025
446103
446108
446186
446191
446269
446274
446352
446357
446435
446440
446518
446523
446601
446605
446698
446778
446855
446935
447021
447107
447193
447279
447365
447451
447537
447623
447709
447795
447893
447975
448052
448132
448217
448303
448389
448475
448561
448647
448733
448819
448905
448991
449086
449170
449248
449328
449411
449497
449583
449669
449755
449841
449927
450013
450099
450183
450281
450286
450366
450371
450446
450451
450524
450529
450607
450612
450693
450698
450779
450784
450865
450870
450951
450956
451037
451042
451123
451128
451209
451214
451295
451300
451376
451380
451474
451559
451639
451717
451799
451885
451971
452057
452143
452229
452315
452401
452485
452558
452656
452742
452826
452905
452985
453071
453157
453243
453329
453415
453501
453587
453667
453736
453834
453923
454010
454090
454173
454262
454351
454440
454529
454618
454707
454796
454873
454943
455044
455049
455133
455138
455221
455226
455304
455309
455387
455392
455475
455480
455564
455569
455653
455658
455742
455747
455831
455836
455920
455925
456003
456008
456068
456073
456157
456161
456258
456347
456435
456519
456602
456688
456777
456866
456955
457044
457133
457214
457278
457367
457468
457557
457646
457733
457814
457900
457989
458078
458167
458256
458345
458417
458480
458569
458667
458756
458845
458932
459013
459098
459187
459276
459365
459454
459535
459594
459683
459772
459873
459962
460051
460140
460225
460308
460397
460486
460575
460664
460742
460797
460886
460975
461073
461162
461251
461338
461422
461505
461592
461679
461766
461853
461921
461975
462064
462153
462254
462259
462343
462348
462430
462435
462512
462517
462594
462599
462676
462681
462758
462763
462840
462845
462922
462927
462997
463002
463044
463049
463133
463138
463222
463227
463311
463315
463412
463501
463587
463667
463747
463827
463907
463987
464067
464133
464171
464260
464349
464438
464541
464632
464720
464801
464882
464963
465044
465125
465206
465270
465310
465401
465492
465583
465677
465763
465845
465919
465993
466067
466141
466215
466286
466330
466404
466490
466576
466662
466751
466832
466909
466979
467049
467119
467189
467259
467316
467347
467417
467498
467579
467660
467741
467819
467894
467963
468032
468101
468170
468239
468293
468324
468393
468471
468549
468627
468709
468785
468858
468925
468992
469059
469126
469191
469229
469296
469363
469439
469515
469591
469672
469748
469821
469888
469955
470022
470089
470143
470171
470238
470305
470381
470457
470533
470614
470690
470763
470830
470897
470964
471031
471085
471113
471180
471247
471323
471399
471475
471537
471594
471648
471699
471750
471801
471852
471890
471941
471992
472043
472100
472157
472214
472277
472392
472397
472401
472405
472409
472413
472417
472421
472425
472429
472433
472437
472441
472445
472449
472453
472457
472461
472464
472842
472928
472932
472935
472938
472941
472944
472947
472950
472953
472956
472959
472962
472965
472968
472971
472974
472977
472980
472982
473272
473358
473362
473365
473368
473371
473374
473377
473380
473383
473386
473389
473392
473395
473398
473401
473404
473407
473410
473412
473702
473788
473792
473795
473798
473801
473804
473807
473810
473813
473816
473819
473822
473825
473828
473831
473834
473837
473840
473842
474132
474221
474225
474228
474231
474234
474237
474240
474243
474246
474249
474252
474255
474258
474261
474264
474267
474270
474273
474276
474278
474577
474669
474673
474676
474679
474682
474685
474688
474691
474694
474697
474700
474703
474706
474709
474712
474715
474718
474721
474724
474727
474729
475041
475133
475137
475140
475143
475146
475149
475152
475155
475158
475161
475164
475167
475170
475173
475176
475179
475182
475185
475188
475191
475193
475504
475595
475599
475602
475605
475608
475611
475614
475617
475620
475623
475626
475629
475632
475635
475638
475641
475644
475647
475650
475653
475655
475961
475966
476050
476054
476055
476057
476060
476063
476066
476069
476072
476075
476078
476081
476084
476087
476090
476093
476096
476099
476102
476105
476108
476110
476413
476502
476506
476509
476512
476515
476518
476521
476524
476527
476530
476533
476536
476539
476542
476545
476548
476551
476554
476557
476559
476862
476951
476955
476958
476961
476964
476967
476970
476973
476976
476979
476982
476985
476988
476991
476994
476997
477000
477003
477006
477008
477311
477400
477404
477407
477410
477413
477416
477419
477422
477425
477428
477431
477434
477437
477440
477443
477446
477449
477452
477455
477457
477760
477849
477853
477856
477859
477862
477865
477868
477871
477874
477877
477880
477883
477886
477889
477892
477895
477898
477901
477904
477906
478209
478298
478302
478305
478308
478311
478314
478317
478320
478323
478326
478329
478332
478335
478338
478341
478344
478347
478350
478353
478355
478658
478663
478747
478751
478752
478754
478757
478760
478763
478766
478769
478772
478775
478778
478781
478784
478787
478790
478793
478796
478799
478802
478804
479110
479199
479203
479206
479209
479212
479215
479218
479221
479224
479227
479230
479233
479236
479239
479242
479245
479248
479251
479253
479558
479646
479650
479653
479656
479659
479662
479665
479668
479671
479674
479677
479680
479683
479686
479689
479692
479695
479698
479700
480000
480086
480090
480093
480096
480099
480102
480105
480108
480111
480114
480117
480120
480123
480126
480129
480132
480135
480138
480140
480434
480439
480520
480524
480525
480527
480530
480533
480536
480539
480542
480545
480548
480551
480554
480557
480560
480563
480566
480569
480572
480574
480871
480957
480961
480964
480967
480970
480973
480976
480979
480982
480985
480988
480991
480994
480997
481000
481003
481006
481008
481305
481391
481395
481398
481401
481404
481407
481410
481413
481416
481419
481422
481425
481428
481431
481434
481437
481440
481442
481739
481825
481829
481832
481835
481838
481841
481844
481847
481850
481853
481856
481859
481862
481865
481868
481871
481874
481876
482172
482177
482257
482261
482262
482264
482267
482270
482273
482276
482279
482282
482285
482288
482291
482294
482297
482300
482303
482306
482308
482602
482685
482689
482692
482695
482698
482701
482704
482707
482710
482713
482716
482719
482722
482725
482728
482731
482733
483021
483026
483104
483108
483109
483111
483114
483117
483120
483123
483126
483129
483132
483135
483138
483141
483144
483147
483150
483152
483443
483526
483530
483533
483536
483539
483542
483545
483548
483551
483554
483557
483560
483563
483566
483569
483571
483861
483943
483947
483950
483953
483956
483959
483962
483965
483968
483971
483974
483977
483980
483983
483986
483988
484273
484278
484353
484357
484358
484360
484363
484366
484369
484372
484375
484378
484381
484384
484387
484390
484393
484396
484398
484680
484760
484764
484767
484770
484773
484776
484779
484782
484785
484788
484791
484794
484797
484800
484802
485084
485089
485164
485168
485169
485171
485174
485177
485180
485183
485186
485189
485192
485195
485198
485201
485204
485206
485490
485495
485569
485573
485574
485576
485579
485582
485585
485588
485591
485594
485597
485600
485603
485606
485608
485890
485967
485971
485974
485977
485980
485983
485986
485989
485992
485995
485998
486001
486003
486279
486284
486356
486360
486361
486363
486366
486369
486372
486375
486378
486381
486384
486387
486390
486392
486670
486675
486746
486750
486751
486753
486756
486759
486762
486765
486768
486771
486774
486777
486779
487055
487060
487129
487133
487134
487136
487139
487142
487145
487148
487151
487154
487157
487159
487431
487436
487505
487509
487510
487512
487515
487518
487521
487524
487527
487530
487532
487805
487810
487878
487882
487883
487885
487888
487891
487894
487897
487900
487902
488174
488179
488182
488245
488249
488250
488252
488253
488255
488258
488261
488264
488266
488536
488541
488544
488607
488611
488612
488614
488615
488617
488620
488622
488897
488902
488905
488907
488967
488971
488972
488974
488975
488976
488977
532509
532557
532561
532565
532569
532573
532577
532581
532585
532589
532593
532597
532601
532605
532609
532613
532617
532621
532624
532625
533067
533103
533106
533109
533112
533115
533118
533121
533124
533127
533130
533133
533136
533139
533142
533145
533148
533151
533153
533154
533497
533533
533536
533539
533542
533545
533548
533551
533554
533557
533560
533563
533566
533569
533572
533575
533578
533581
533583
533584
533930
533966
533969
533972
533975
533978
533981
533984
533987
533990
533993
533996
533999
534002
534005
534008
534011
534014
534017
534019
534020
534374
534410
534413
534416
534419
534422
534425
534428
534431
534434
534437
534440
534443
534446
534449
534452
534455
534458
534461
534464
534466
534467
534828
534864
534867
534870
534873
534876
534879
534882
534885
534888
534891
534894
534897
534900
534903
534906
534909
534912
534915
534918
534920
534921
535281
535316
535319
535322
535325
535328
535331
535334
535337
535340
535343
535346
535349
535352
535355
535358
535361
535364
535367
535370
535372
535373
535727
535729
535760
535763
535766
535769
535772
535775
535778
535781
535784
535787
535790
535793
535796
535799
535802
535805
535808
535811
535814
535816
535817
535818
536159
536195
536198
536201
536204
536207
536210
536213
536216
536219
536222
536225
536228
536231
536234
536237
536240
536243
536246
536248
536249
536592
536628
536631
536634
536637
536640
536643
536646
536649
536652
536655
536658
536661
536664
536667
536670
536673
536676
536679
536681
536682
537024
537060
537063
537066
537069
537072
537075
537078
537081
537084
537087
537090
537093
537096
537099
537102
537105
537108
537111
537113
537114
537454
537490
537493
537496
537499
537502
537505
537508
537511
537514
537517
537520
537523
537526
537529
537532
537535
537538
537541
537543
537544
537883
537919
537922
537925
537928
537931
537934
537937
537940
537943
537946
537949
537952
537955
537958
537961
537964
537967
537970
537972
537973
538310
538312
538346
538349
538352
538355
538358
538361
538364
538367
538370
538373
538376
538379
538382
538385
538388
538391
538394
538397
538399
538400
538401
538733
538772
538775
538778
538781
538784
538787
538790
538793
538796
538799
538802
538805
538808
538811
538814
538817
538820
538822
538823
539157
539195
539198
539201
539204
539207
539210
539213
539216
539219
539222
539225
539228
539231
539234
539237
539240
539243
539245
539246
539575
539611
539614
539617
539620
539623
539626
539629
539632
539635
539638
539641
539644
539647
539650
539653
539656
539659
539661
539662
539981
539983
540017
540020
540023
540026
540029
540032
540035
540038
540041
540044
540047
540050
540053
540056
540059
540062
540065
540067
540068
540069
540383
540422
540425
540428
540431
540434
540437
540440
540443
540446
540449
540452
540455
540458
540461
540464
540467
540469
540470
540786
540825
540828
540831
540834
540837
540840
540843
540846
540849
540852
540855
540858
540861
540864
540867
540870
540872
540873
541188
541227
541230
541233
541236
541239
541242
541245
541248
541251
541254
541257
541260
541263
541266
541269
541272
541274
541275
541588
541590
541626
541629
541632
541635
541638
541641
541644
541647
541650
541653
541656
541659
541662
541665
541668
541671
541673
541674
541675
541979
542018
542021
542024
542027
542030
542033
542036
542039
542042
542045
542048
542051
542054
542057
542060
542062
542063
542361
542363
542400
542403
542406
542409
542412
542415
542418
542421
542424
542427
542430
542433
542436
542439
542442
542444
542445
542446
542739
542781
542784
542787
542790
542793
542796
542799
542802
542805
542808
542811
542814
542817
542820
542822
542823
543118
543159
543162
543165
543168
543171
543174
543177
543180
543183
543186
543189
543192
543195
543198
543200
543201
543491
543493
543530
543533
543536
543539
543542
543545
543548
543551
543554
543557
543560
543563
543566
543569
543571
543572
543573
543849
543891
543894
543897
543900
543903
543906
543909
543912
543915
543918
543921
543924
543927
543929
543930
544210
544212
544252
544255
544258
544261
544264
544267
544270
544273
544276
544279
544282
544285
544288
544290
544291
544292
544571
544573
544614
544617
544620
544623
544626
544629
544632
544635
544638
544641
544644
544647
544649
544650
544651
544929
544967
544970
544973
544976
544979
544982
544985
544988
544991
544994
544997
544999
545000
545307
545310
545313
545316
545319
545322
545325
545328
545331
545334
545337
545339
545340
545341
545645
545648
545651
545654
545657
545660
545663
545666
545669
545672
545674
545675
545676
545975
545978
545981
545984
545987
545990
545993
545996
545999
546001
546002
546003
546296
546299
546302
546305
546308
546311
546314
546317
546319
546320
546321
546614
546617
546620
546623
546626
546629
546632
546634
546635
546636
546925
546928
546931
546934
546937
546940
546941
546942
546943
546944
547226
547229
547232
547235
547236
547237
547238
547239
547525
547526
547528
547529
547530
547531
547532
597214
597217
597219
597283
597286
597288
597586
597587
597589
597658
597659
597661
597663
597666
597668
597977
597978
597980
598049
598050
598052
598054
598057
598060
598063
598065
598368
598370
598440
598442
598444
598447
598450
598453
598456
598459
598461
598768
598770
598843
598845
598847
598850
598853
598856
598859
598862
598865
598867
599182
599184
599257
599259
599261
599264
599267
599270
599273
599276
599279
599282
599284
599600
599602
599675
599677
599679
599682
599685
599688
599691
599694
599697
599700
599703
599705
600020
600022
600098
600100
600102
600105
600108
600111
600114
600117
600120
600123
600126
600129
600131
600459
600537
600541
600544
600547
600550
600553
600556
600559
600562
600565
600568
600571
600573
600900
600902
600978
600980
600982
600985
600988
600991
600994
600997
601000
601003
601006
601009
601012
601014
601345
601347
601426
601428
601430
601433
601436
601439
601442
601445
601448
601451
601454
601457
601460
601463
601465
601804
601885
601889
601892
601895
601898
601901
601904
601907
601910
601913
601916
601919
601922
601925
601927
602270
602272
602351
602353
602355
602358
602361
602364
602367
602370
602373
602376
602379
602382
602385
602388
602391
602393
602732
602813
602817
602820
602823
602826
602829
602832
602835
602838
602841
602844
602847
602850
602853
602856
602858
603204
603288
603292
603295
603298
603301
603304
603307
603310
603313
603316
603319
603322
603325
603328
603331
603333
603690
603692
603774
603776
603778
603781
603784
603787
603790
603793
603796
603799
603802
603805
603808
603811
603814
603817
603819
604177
604261
604265
604268
604271
604274
604277
604280
604283
604286
604289
604292
604295
604298
604301
604304
604307
604309
604666
604668
604750
604752
604754
604757
604760
604763
604766
604769
604772
604775
604778
604781
604784
604787
604790
604793
604796
604798
605159
605246
605250
605253
605256
605259
605262
605265
605268
605271
605274
605277
605280
605283
605286
605289
605292
605295
605297
605669
605756
605760
605763
605766
605769
605772
605775
605778
605781
605784
605787
605790
605793
605796
605799
605802
605805
605807
606183
606270
606274
606277
606280
606283
606286
606289
606292
606295
606298
606301
606304
606307
606310
606313
606316
606319
606321
606696
606698
606783
606785
606787
606790
606793
606796
606799
606802
606805
606808
606811
606814
606817
606820
606823
606826
606829
606832
606834
607210
607297
607301
607304
607307
607310
607313
607316
607319
607322
607325
607328
607331
607334
607337
607340
607343
607346
607349
607351
607726
607813
607817
607820
607823
607826
607829
607832
607835
607838
607841
607844
607847
607850
607853
607856
607859
607862
607865
607867
608249
608339
608343
608346
608349
608352
608355
608358
608361
608364
608367
608370
608373
608376
608379
608382
608385
608388
608391
608393
608786
608788
608876
608878
608880
608883
608886
608889
608892
608895
608898
608901
608904
608907
608910
608913
608916
608919
608922
608925
608928
608930
609320
609410
609414
609417
609420
609423
609426
609429
609432
609435
609438
609441
609444
609447
609450
609453
609456
609459
609462
609465
609467
609861
609951
609955
609958
609961
609964
609967
609970
609973
609976
609979
609982
609985
609988
609991
609994
609997
610000
610003
610006
610008
610401
610491
610495
610498
610501
610504
610507
610510
610513
610516
610519
610522
610525
610528
610531
610534
610537
610540
610543
610546
610548
610941
611031
611035
611038
611041
611044
611047
611050
611053
611056
611059
611062
611065
611068
611071
611074
611077
611080
611083
611086
611088
611481
611571
611575
611578
611581
611584
611587
611590
611593
611596
611599
611602
611605
611608
611611
611614
611617
611620
611623
611626
611628
612021
612023
612111
612113
612115
612118
612121
612124
612127
612130
612133
612136
612139
612142
612145
612148
612151
612154
612157
612160
612163
612166
612168
612558
612646
612650
612653
612656
612659
612662
612665
612668
612671
612674
612677
612680
612683
612686
612689
612692
612695
612698
612701
612704
612706
613099
613188
613192
613195
613198
613201
613204
613207
613210
613213
613216
613219
613222
613225
613228
613231
613234
613237
613240
613243
613246
613248
613653
613741
613745
613748
613751
613754
613757
613760
613763
613766
613769
613772
613775
613778
613781
613784
613787
613790
613793
613796
613799
613801
614206
614291
614295
614298
614301
614304
614307
614310
614313
614316
614319
614322
614325
614328
614331
614334
614337
614340
614343
614346
614349
614351
614751
614838
614842
614845
614848
614851
614854
614857
614860
614863
614866
614869
614872
614875
614878
614881
614884
614887
614890
614893
614895
615278
615364
615368
615371
615374
615377
615380
615383
615386
615389
615392
615395
615398
615401
615404
615407
615410
615413
615416
615418
615794
615880
615884
615887
615890
615893
615896
615899
615902
615905
615908
615911
615914
615917
615920
615923
615926
615929
615932
615934
616310
616396
616400
616403
616406
616409
616412
616415
616418
616421
616424
616427
616430
616433
616436
616439
616442
616445
616448
616450
616816
616873
616876
616878
616880
616882
616884
616886
616888
616890
616892
616894
616896
616898
616900
616902
616904
616906
616908
616909
651782
651818
651821
651824
651827
651830
651833
651836
651839
651842
651845
651848
651851
651854
651857
651860
651863
651866
651868
651869
658064
658067
658070
658131
658134
658137
658493
658498
658501
658553
658556
658558
658559
658563
658566
658908
658913
658916
658958
658961
658964
658967
658969
658970
658974
658977
659298
659303
659342
659345
659348
659351
659354
659357
659359
659360
659364
659691
659696
659735
659738
659741
659744
659747
659750
659753
659755
659756
659760
660099
660104
660140
660143
660146
660149
660152
660155
660158
660161
660163
660164
660168
660510
660515
660548
660551
660554
660557
660560
660563
660566
660569
660572
660574
660575
660579
660925
660930
660973
660976
660979
660982
660985
660988
660991
660994
660997
661000
661002
661003
661007
661416
661461
661464
661467
661470
661473
661476
661479
661482
661485
661488
661491
661493
661494
661903
661908
661948
661951
661954
661957
661960
661963
661966
661969
661972
661975
661978
661980
661981
661985
662394
662399
662439
662442
662445
662448
662451
662454
662457
662460
662463
662466
662469
662472
662474
662475
662479
662902
662944
662947
662950
662953
662956
662959
662962
662965
662968
662971
662974
662977
662980
662982
662983
663405
663410
663447
663450
663453
663456
663459
663462
663465
663468
663471
663474
663477
663480
663483
663485
663486
663490
663910
663949
663952
663955
663958
663961
663964
663967
663970
663973
663976
663979
663982
663985
663988
663990
663991
664413
664455
664458
664461
664464
664467
664470
664473
664476
664479
664482
664485
664488
664491
664494
664496
664497
664933
664938
664975
664978
664981
664984
664987
664990
664993
664996
664999
665002
665005
665008
665011
665014
665016
665017
665021
665454
665493
665496
665499
665502
665505
665508
665511
665514
665517
665520
665523
665526
665529
665532
665535
665537
665538
665971
665976
666010
666013
666016
666019
666022
666025
666028
666031
666034
666037
666040
666043
666046
666049
666052
666054
666055
666059
666492
666531
666534
666537
666540
666543
666546
666549
666552
666555
666558
666561
666564
666567
666570
666573
666576
666578
666579
667026
667065
667068
667071
667074
667077
667080
667083
667086
667089
667092
667095
667098
667101
667104
667107
667110
667112
667113
667554
667593
667596
667599
667602
667605
667608
667611
667614
667617
667620
667623
667626
667629
667632
667635
667638
667640
667641
668078
668083
668117
668120
668123
668126
668129
668132
668135
668138
668141
668144
668147
668150
668153
668156
668159
668162
668164
668165
668169
668611
668647
668650
668653
668656
668659
668662
668665
668668
668671
668674
668677
668680
668683
668686
668689
668692
668695
668697
668698
669140
669176
669179
669182
669185
669188
669191
669194
669197
669200
669203
669206
669209
669212
669215
669218
669221
669224
669226
669227
669670
669709
669712
669715
669718
669721
669724
669727
669730
669733
669736
669739
669742
669745
669748
669751
669754
669757
669759
669760
670217
670222
670256
670259
670262
670265
670268
670271
670274
670277
670280
670283
670286
670289
670292
670295
670298
670301
670304
670306
670307
670311
670765
670801
670804
670807
670810
670813
670816
670819
670822
670825
670828
670831
670834
670837
670840
670843
670846
670849
670852
670854
670855
671309
671345
671348
671351
671354
671357
671360
671363
671366
671369
671372
671375
671378
671381
671384
671387
671390
671393
671396
671398
671399
671851
671887
671890
671893
671896
671899
671902
671905
671908
671911
671914
671917
671920
671923
671926
671929
671932
671935
671938
671940
671941
672392
672428
672431
672434
672437
672440
672443
672446
672449
672452
672455
672458
672461
672464
672467
672470
672473
672476
672479
672481
672482
672931
672967
672970
672973
672976
672979
672982
672985
672988
672991
672994
672997
673000
673003
673006
673009
673012
673015
673018
673020
673021
673469
673474
673505
673508
673511
673514
673517
673520
673523
673526
673529
673532
673535
673538
673541
673544
673547
673550
673553
673556
673558
673559
673563
674008
674041
674044
674047
674050
674053
674056
674059
674062
674065
674068
674071
674074
674077
674080
674083
674086
674089
674092
674095
674097
674098
674546
674581
674584
674587
674590
674593
674596
674599
674602
674605
674608
674611
674614
674617
674620
674623
674626
674629
674632
674635
674637
674638
675094
675124
675127
675130
675133
675136
675139
675142
675145
675148
675151
675154
675157
675160
675163
675166
675169
675172
675175
675178
675180
675181
675610
675636
675638
675641
675644
675647
675650
675653
675656
675659
675662
675665
675668
675671
675674
675677
675680
675683
675686
675689
675691
675692
676093
676119
676121
676124
676127
676130
676133
676136
676139
676142
676145
676148
676151
676154
676157
676160
676163
676166
676169
676171
676172
676559
676585
676588
676591
676594
676597
676600
676603
676606
676609
676612
676615
676618
676621
676624
676627
676630
676633
676635
676636
677015
677041
677044
677047
677050
677053
677056
677059
677062
677065
677068
677071
677074
677077
677080
677083
677086
677089
677091
677092
677471
677497
677500
677503
677506
677509
677512
677515
677518
677521
677524
677527
677530
677533
677536
677539
677542
677545
677547
677548
677910
677934
677936
677938
677940
677942
677944
677946
677948
677950
677952
677954
677956
677958
677960
677962
677964
677966
677967
677968
)
;
flipMap         List<bool> 
9040
(
1
1
1
1
1
1
1
1
1
1
1
1
1
1
1
1
1
1
1
1
1
1
1
1
1
1
1
1
1
1
1
1
1
1
1
1
1
1
1
1
1
1
1
1
1
1
1
1
1
1
1
1
1
1
1
1
1
1
1
1
1
1
1
1
1
1
1
1
1
1
1
1
1
1
1
1
1
1
1
1
1
1
1
1
1
1
1
1
1
1
1
1
1
1
1
1
1
1
1
1
1
1
1
1
1
1
1
1
1
1
1
1
1
1
1
1
1
1
1
1
1
1
1
1
1
1
1
1
1
1
1
1
1
1
1
1
1
1
1
1
1
1
1
1
1
1
1
1
1
1
1
1
1
1
1
1
1
1
1
1
1
1
1
1
1
1
1
1
1
1
1
1
1
1
1
1
1
1
1
1
0
1
1
1
1
1
1
1
1
1
1
1
1
1
1
1
1
1
1
1
1
1
1
1
1
1
1
1
1
1
1
1
1
1
1
1
1
1
1
1
1
1
1
1
1
1
1
1
1
1
1
1
1
1
1
1
1
1
1
1
1
1
1
1
1
1
1
1
1
1
1
1
1
1
1
1
1
1
1
1
1
1
1
1
1
1
1
1
1
1
1
1
1
1
1
1
1
1
1
1
1
1
1
1
1
1
1
1
1
1
1
1
1
1
1
1
1
1
1
1
1
0
1
1
1
1
1
1
1
1
1
1
1
1
1
1
1
1
1
1
1
1
1
1
1
1
1
1
1
1
1
1
1
1
1
1
1
1
1
1
1
1
1
1
1
1
1
1
1
1
1
1
1
1
1
1
1
1
1
1
1
1
1
1
1
1
1
1
1
1
1
1
1
1
1
1
1
1
0
1
1
1
1
1
1
1
1
1
1
1
1
1
1
1
1
1
1
1
1
1
1
1
1
1
1
1
1
1
1
1
1
1
1
1
1
1
1
1
1
1
1
1
1
1
1
1
1
1
1
1
1
1
1
1
1
1
1
1
1
1
1
1
1
1
1
1
1
1
1
1
1
0
1
1
1
1
1
1
1
1
1
1
1
1
1
1
1
1
1
1
1
1
1
1
1
1
1
1
1
1
1
1
1
1
1
1
0
1
1
1
1
1
1
1
1
1
1
1
1
1
1
1
1
1
1
1
1
1
1
1
1
1
1
1
1
1
1
1
1
1
1
1
1
1
1
1
1
1
1
1
1
1
1
1
1
0
1
1
1
1
1
1
1
1
1
1
1
1
1
1
1
1
1
1
1
1
1
1
1
1
1
1
1
1
1
1
0
1
1
1
1
1
1
1
1
1
1
1
1
1
1
0
1
1
1
1
1
1
1
1
1
1
1
1
1
1
1
1
1
1
1
1
1
1
1
1
1
1
0
1
1
1
1
1
1
1
1
1
1
1
1
0
1
1
1
1
1
1
1
1
1
1
1
0
1
1
1
1
1
1
1
1
1
1
0
1
1
1
1
1
1
1
1
1
0
1
1
1
1
1
1
1
1
0
0
1
1
1
1
1
1
0
0
1
1
1
1
0
0
0
1
1
1
1
1
1
1
1
1
1
1
1
1
1
1
1
1
1
0
1
1
1
1
1
1
1
1
1
1
1
1
1
1
1
1
1
1
0
1
1
1
1
1
1
1
1
1
1
1
1
1
1
1
1
1
1
0
1
1
1
1
1
1
1
1
1
1
1
1
1
1
1
1
1
1
1
0
1
1
1
1
1
1
1
1
1
1
1
1
1
1
1
1
1
1
1
1
0
1
1
1
1
1
1
1
1
1
1
1
1
1
1
1
1
1
1
1
1
0
1
1
1
1
1
1
1
1
1
1
1
1
1
1
1
1
1
1
1
1
0
1
1
1
1
1
1
1
1
1
1
1
1
1
1
1
1
1
1
1
1
0
0
1
1
1
1
1
1
1
1
1
1
1
1
1
1
1
1
1
1
1
0
1
1
1
1
1
1
1
1
1
1
1
1
1
1
1
1
1
1
1
0
1
1
1
1
1
1
1
1
1
1
1
1
1
1
1
1
1
1
1
0
1
1
1
1
1
1
1
1
1
1
1
1
1
1
1
1
1
1
1
0
1
1
1
1
1
1
1
1
1
1
1
1
1
1
1
1
1
1
1
0
1
1
1
1
1
1
1
1
1
1
1
1
1
1
1
1
1
1
1
0
0
1
1
1
1
1
1
1
1
1
1
1
1
1
1
1
1
1
1
0
1
1
1
1
1
1
1
1
1
1
1
1
1
1
1
1
1
1
0
1
1
1
1
1
1
1
1
1
1
1
1
1
1
1
1
1
1
0
1
1
1
1
1
1
1
1
1
1
1
1
1
1
1
1
1
1
0
0
1
1
1
1
1
1
1
1
1
1
1
1
1
1
1
1
1
0
1
1
1
1
1
1
1
1
1
1
1
1
1
1
1
1
1
0
1
1
1
1
1
1
1
1
1
1
1
1
1
1
1
1
1
0
1
1
1
1
1
1
1
1
1
1
1
1
1
1
1
1
1
0
0
1
1
1
1
1
1
1
1
1
1
1
1
1
1
1
1
0
1
1
1
1
1
1
1
1
1
1
1
1
1
1
1
1
0
0
1
1
1
1
1
1
1
1
1
1
1
1
1
1
1
0
1
1
1
1
1
1
1
1
1
1
1
1
1
1
1
0
1
1
1
1
1
1
1
1
1
1
1
1
1
1
1
0
0
1
1
1
1
1
1
1
1
1
1
1
1
1
1
0
1
1
1
1
1
1
1
1
1
1
1
1
1
1
0
0
1
1
1
1
1
1
1
1
1
1
1
1
1
0
0
1
1
1
1
1
1
1
1
1
1
1
1
0
1
1
1
1
1
1
1
1
1
1
1
1
0
0
1
1
1
1
1
1
1
1
1
1
1
0
0
1
1
1
1
1
1
1
1
1
1
0
0
1
1
1
1
1
1
1
1
1
0
0
1
1
1
1
1
1
1
1
0
0
1
1
1
1
1
1
1
0
0
0
0
1
1
1
1
1
0
0
0
0
0
0
1
1
1
0
0
0
0
0
0
0
0
1
1
1
1
1
1
1
1
1
1
1
1
1
1
1
1
1
1
1
1
1
1
1
1
1
1
1
1
1
1
1
1
1
1
1
1
1
1
1
1
1
1
1
1
1
1
1
1
1
1
1
1
1
1
1
1
1
1
1
1
1
1
1
1
1
1
1
1
1
1
1
1
1
1
1
1
1
1
1
1
1
1
1
1
1
1
1
1
1
1
1
1
1
1
1
1
1
1
1
1
1
1
1
1
1
1
1
1
1
1
1
1
1
1
1
1
1
1
1
1
1
1
1
1
1
1
1
1
1
1
1
1
1
1
1
1
1
1
1
1
1
1
1
1
1
1
1
1
1
1
1
1
1
1
1
1
1
1
1
1
1
1
1
1
1
1
1
1
1
1
1
1
1
1
1
1
1
1
1
1
1
1
1
1
1
1
1
1
1
1
1
1
1
1
1
1
1
1
1
1
1
1
1
1
1
1
1
1
1
1
1
1
1
1
1
1
1
1
1
1
1
1
1
1
1
1
1
1
1
1
1
1
1
1
1
1
1
1
1
1
1
1
1
1
1
1
1
1
1
1
1
1
1
1
1
1
1
1
1
1
1
1
1
1
1
1
1
1
1
1
1
1
1
1
1
1
1
1
1
1
1
1
1
1
1
1
1
1
1
1
1
1
1
1
1
1
1
1
1
1
1
1
1
1
1
1
1
1
1
1
1
1
1
1
1
1
1
1
1
1
1
1
1
1
1
1
1
1
1
1
1
1
1
1
1
1
1
1
1
1
1
1
1
1
1
1
1
1
1
1
1
1
1
1
1
1
1
1
1
1
1
1
1
1
1
1
1
1
1
1
1
1
1
1
1
1
1
1
1
1
1
1
1
1
1
1
1
1
1
1
1
1
1
1
1
1
1
1
1
1
1
1
1
1
1
1
1
1
1
1
1
1
1
1
1
1
1
1
1
1
1
1
1
1
1
1
1
1
1
1
1
1
1
1
1
1
1
1
1
1
1
1
1
1
1
1
1
1
1
1
1
1
1
1
1
1
1
1
1
1
1
1
1
1
1
1
1
1
1
1
1
1
1
1
1
1
1
1
1
1
1
1
1
1
1
1
1
1
1
1
1
1
1
1
1
1
1
1
1
1
1
1
1
1
1
1
1
1
1
1
1
1
1
1
1
1
1
1
1
1
1
1
1
1
1
1
1
1
1
1
1
1
1
1
1
1
1
1
1
1
1
1
1
1
1
1
1
1
1
1
1
1
1
1
1
1
1
1
1
1
1
1
1
1
1
1
1
1
1
1
1
1
1
1
1
1
1
1
1
1
1
1
1
1
1
1
1
1
1
1
1
1
1
1
1
1
1
1
1
1
1
1
1
1
1
1
1
1
1
1
1
1
1
1
1
1
1
1
1
1
1
1
1
1
1
1
1
1
1
1
1
1
1
1
1
1
1
1
1
1
1
1
1
1
1
1
1
1
1
1
1
1
1
1
1
1
1
1
1
1
1
1
1
1
1
1
1
1
1
1
1
1
1
1
1
1
1
1
1
1
1
1
1
1
1
1
1
1
1
1
1
1
1
1
1
1
0
1
1
1
1
1
1
0
1
1
1
1
1
1
1
0
1
1
1
1
1
1
1
1
1
0
1
1
1
1
1
1
1
1
1
0
1
1
1
1
1
1
1
1
1
1
0
1
1
1
1
1
1
1
1
1
1
1
0
1
1
1
1
1
1
1
1
1
1
1
1
0
1
1
1
1
1
1
1
1
1
1
1
1
1
0
1
1
1
1
1
1
1
1
1
1
1
1
0
1
1
1
1
1
1
1
1
1
1
1
1
1
1
0
1
1
1
1
1
1
1
1
1
1
1
1
1
1
1
0
1
1
1
1
1
1
1
1
1
1
1
1
1
1
0
1
1
1
1
1
1
1
1
1
1
1
1
1
1
1
1
0
1
1
1
1
1
1
1
1
1
1
1
1
1
1
1
0
1
1
1
1
1
1
1
1
1
1
1
1
1
1
1
0
1
1
1
1
1
1
1
1
1
1
1
1
1
1
1
1
1
0
1
1
1
1
1
1
1
1
1
1
1
1
1
1
1
1
0
1
1
1
1
1
1
1
1
1
1
1
1
1
1
1
1
1
1
0
1
1
1
1
1
1
1
1
1
1
1
1
1
1
1
1
1
0
1
1
1
1
1
1
1
1
1
1
1
1
1
1
1
1
1
0
1
1
1
1
1
1
1
1
1
1
1
1
1
1
1
1
1
0
1
1
1
1
1
1
1
1
1
1
1
1
1
1
1
1
1
1
1
0
1
1
1
1
1
1
1
1
1
1
1
1
1
1
1
1
1
1
0
1
1
1
1
1
1
1
1
1
1
1
1
1
1
1
1
1
1
0
1
1
1
1
1
1
1
1
1
1
1
1
1
1
1
1
1
1
0
1
1
1
1
1
1
1
1
1
1
1
1
1
1
1
1
1
1
1
1
0
1
1
1
1
1
1
1
1
1
1
1
1
1
1
1
1
1
1
1
0
1
1
1
1
1
1
1
1
1
1
1
1
1
1
1
1
1
1
1
0
1
1
1
1
1
1
1
1
1
1
1
1
1
1
1
1
1
1
1
0
1
1
1
1
1
1
1
1
1
1
1
1
1
1
1
1
1
1
1
0
1
1
1
1
1
1
1
1
1
1
1
1
1
1
1
1
1
1
1
0
1
1
1
1
1
1
1
1
1
1
1
1
1
1
1
1
1
1
1
1
1
0
1
1
1
1
1
1
1
1
1
1
1
1
1
1
1
1
1
1
1
1
0
1
1
1
1
1
1
1
1
1
1
1
1
1
1
1
1
1
1
1
1
0
1
1
1
1
1
1
1
1
1
1
1
1
1
1
1
1
1
1
1
1
0
1
1
1
1
1
1
1
1
1
1
1
1
1
1
1
1
1
1
1
0
1
1
1
1
1
1
1
1
1
1
1
1
1
1
1
1
1
1
0
1
1
1
1
1
1
1
1
1
1
1
1
1
1
1
1
1
1
0
1
1
1
1
1
1
1
1
1
1
1
1
1
1
1
1
1
1
0
1
1
1
1
1
1
1
1
1
1
1
1
1
1
1
1
1
1
0
1
1
1
1
1
1
1
1
1
1
1
1
1
1
1
1
1
1
1
1
1
1
1
1
1
1
1
1
1
1
1
1
1
1
1
1
1
1
1
1
1
1
1
1
1
1
1
1
1
1
1
1
1
1
1
1
1
1
1
1
1
1
1
1
1
1
1
1
1
1
1
1
1
1
1
1
1
1
1
1
1
1
1
1
1
1
1
1
1
1
1
1
1
1
1
1
1
1
1
1
1
1
1
1
1
1
1
1
1
1
1
1
1
0
1
0
1
0
1
0
1
0
1
0
1
0
1
0
1
0
1
0
1
0
1
0
1
0
1
0
1
1
1
1
1
1
1
1
1
1
1
1
1
1
1
1
1
1
1
1
1
1
1
1
1
1
1
1
1
1
1
1
1
1
1
1
1
1
1
1
1
1
1
1
1
1
1
1
1
1
1
1
1
1
1
1
1
1
1
1
1
1
1
1
1
1
1
1
1
1
1
0
1
0
1
0
1
0
1
0
1
0
1
0
1
0
1
0
1
0
1
0
1
0
1
0
1
0
1
1
1
1
1
1
1
1
1
1
1
1
1
1
1
1
1
1
1
1
1
1
1
1
1
1
1
1
1
1
1
1
1
1
1
1
1
1
1
1
1
1
1
0
1
0
1
0
1
0
1
0
1
0
1
0
1
0
1
0
1
0
1
0
1
0
1
0
1
0
1
1
1
1
1
1
1
1
1
1
1
1
1
1
1
1
1
1
1
1
1
1
1
1
1
1
1
1
1
1
1
1
1
1
1
1
1
1
1
1
1
1
1
0
1
0
1
0
1
0
1
0
1
0
1
0
1
0
1
0
1
0
1
0
1
0
1
0
1
0
1
1
1
1
1
1
1
1
1
1
1
1
1
1
1
0
1
0
1
0
1
0
1
0
1
0
1
0
1
0
1
0
1
0
1
0
1
0
1
0
1
0
1
1
1
1
1
1
1
1
1
1
1
1
1
1
1
1
1
1
1
1
1
1
1
1
1
1
1
1
1
0
1
0
1
0
1
0
1
0
1
0
1
0
1
0
1
0
1
0
1
0
1
0
1
0
1
0
1
1
1
1
1
1
1
1
1
1
1
1
1
1
1
0
1
0
1
0
1
0
1
0
1
0
1
0
1
0
1
0
1
0
1
0
1
0
1
0
1
0
1
0
1
0
1
0
1
0
1
0
1
0
1
0
1
0
1
0
1
0
1
0
1
0
1
0
1
0
1
1
1
1
1
1
1
1
1
1
1
1
1
1
1
0
1
0
1
0
1
0
1
0
1
0
1
0
1
0
1
0
1
0
1
0
1
0
1
0
1
0
1
0
1
0
1
0
1
0
1
0
1
0
1
0
1
0
1
0
1
0
1
0
1
0
1
0
1
0
1
0
1
0
1
0
1
0
1
0
1
0
1
0
1
0
1
0
1
0
1
0
1
0
1
0
1
0
1
0
1
0
1
0
1
0
1
0
1
0
1
0
1
0
1
0
1
0
1
0
1
0
1
0
1
0
1
0
1
0
1
0
1
0
1
0
1
0
1
0
1
0
1
0
1
0
1
0
1
0
1
0
1
0
1
0
0
1
0
0
1
0
0
1
0
0
1
0
0
1
0
0
1
0
0
1
0
0
1
0
0
1
0
0
1
0
0
1
0
0
1
0
0
1
0
0
1
0
0
1
0
0
1
0
0
1
0
0
1
0
0
1
0
0
1
0
0
1
0
0
1
0
0
1
0
0
1
0
0
1
0
0
1
0
0
1
0
0
1
0
0
0
1
0
0
0
1
0
0
0
1
0
0
0
1
0
0
0
1
0
0
0
1
0
0
0
1
0
0
0
1
0
0
0
1
0
0
0
1
0
0
0
1
0
0
0
1
0
0
0
1
0
0
0
0
0
0
0
0
0
0
0
0
0
0
0
0
0
0
0
0
0
0
0
0
0
0
0
0
0
0
0
0
0
0
0
0
0
0
0
0
0
0
0
0
0
0
0
0
0
0
0
0
0
0
0
0
0
0
0
0
0
0
0
0
0
0
0
0
0
0
0
0
0
0
0
0
0
0
0
0
0
0
0
0
0
0
0
0
0
0
0
0
0
0
0
0
0
0
0
0
0
0
0
0
0
0
0
0
0
0
0
0
0
0
0
0
0
0
0
0
0
0
0
0
0
0
0
0
0
0
0
0
0
0
0
0
0
0
0
0
0
0
0
0
0
0
0
0
0
0
0
0
0
0
0
0
0
0
0
0
0
0
0
0
0
0
0
0
0
0
0
0
0
0
0
0
0
0
0
0
0
0
0
0
0
0
0
0
0
0
0
0
0
0
0
0
0
0
0
0
0
0
0
0
0
0
0
0
0
0
0
0
0
0
0
0
0
0
0
0
0
0
0
0
0
0
0
0
0
0
0
0
0
0
0
0
0
0
0
0
0
0
0
0
0
0
0
0
0
0
0
0
0
0
0
0
0
0
0
0
0
0
0
0
0
0
0
0
0
0
0
0
0
0
0
0
0
0
0
0
0
0
0
0
0
0
0
0
0
0
0
0
0
0
0
0
0
0
0
0
0
0
0
0
0
0
0
0
0
0
0
0
0
0
0
0
0
0
0
0
0
0
0
0
0
0
0
0
0
0
0
0
0
0
0
0
0
0
0
0
0
0
0
0
0
0
0
0
0
0
0
0
0
0
0
0
0
0
0
0
0
0
0
0
0
0
0
0
0
0
0
0
0
0
0
0
0
0
0
0
0
0
0
0
0
0
0
0
0
0
0
0
0
0
0
0
0
0
0
0
0
0
0
0
0
0
0
0
0
0
0
0
0
0
0
0
0
0
0
0
0
0
0
0
0
0
0
0
0
0
0
0
0
0
0
0
0
0
0
0
0
0
0
0
0
0
0
0
0
0
0
0
0
0
0
0
0
0
0
0
0
0
0
0
0
0
0
0
0
0
0
0
0
0
0
0
0
0
0
0
0
0
0
0
0
0
0
0
0
0
0
0
0
0
0
0
0
0
0
0
0
0
0
0
0
0
0
0
0
0
0
0
0
0
0
0
0
0
0
0
0
0
0
0
0
0
0
0
0
0
0
0
0
0
0
0
0
0
0
0
0
0
0
0
0
0
0
0
0
0
0
0
0
0
0
0
0
0
0
0
0
0
0
0
0
0
0
0
0
0
0
0
0
0
0
0
0
0
0
0
0
0
0
0
0
0
0
0
0
0
0
0
0
0
0
0
0
0
0
0
0
0
0
0
0
0
0
0
0
0
0
0
0
0
0
0
0
0
0
0
0
0
0
0
0
0
0
0
0
0
0
0
0
0
0
0
0
0
0
0
0
0
0
0
0
0
0
0
0
0
0
0
0
0
0
0
0
0
0
0
0
0
0
0
0
0
0
0
0
0
0
0
0
0
0
0
0
0
0
0
0
0
0
0
0
0
0
0
0
0
0
0
0
0
0
0
0
0
0
0
0
0
0
0
0
0
0
0
0
0
0
0
0
0
0
0
0
0
0
0
0
0
0
0
0
0
0
0
0
0
0
0
0
0
0
0
0
0
0
0
0
0
0
0
0
0
0
0
0
0
0
0
0
0
0
0
0
0
0
0
0
0
0
0
0
0
0
0
0
0
0
0
0
0
0
0
0
0
0
0
0
0
0
0
0
0
0
0
0
0
0
0
0
0
0
0
0
0
0
0
0
0
0
0
0
0
0
0
0
0
0
0
0
0
0
0
0
0
0
0
0
0
0
0
0
0
0
0
0
0
0
0
0
0
0
0
0
0
0
0
0
1
1
1
1
1
1
1
1
1
1
1
1
1
1
1
1
1
1
1
1
1
1
1
1
1
1
1
1
1
1
1
1
1
1
1
1
1
1
1
1
1
1
1
1
1
1
1
1
1
1
1
1
1
1
1
1
1
1
1
1
1
1
1
1
1
1
1
1
1
1
1
1
1
1
1
1
1
1
1
1
1
1
1
1
1
1
1
1
1
1
1
1
1
1
1
1
1
1
1
1
1
1
1
1
1
1
1
1
1
1
1
1
1
1
1
1
1
1
1
1
1
1
1
1
1
1
1
1
1
1
1
1
1
1
1
1
1
1
1
1
1
1
1
1
1
1
1
1
1
1
1
1
1
1
1
1
1
1
1
1
1
1
1
1
1
1
1
1
1
1
1
1
1
1
1
1
1
1
1
1
1
1
1
1
1
1
1
1
1
1
1
1
1
1
1
1
1
1
1
1
1
1
1
1
1
1
1
1
1
1
1
1
1
1
1
1
1
1
1
1
1
1
1
1
1
1
1
1
1
1
1
1
1
1
1
1
1
1
1
1
1
1
1
1
1
1
1
1
1
1
1
1
1
1
1
1
1
1
1
1
1
1
1
1
1
1
1
1
1
1
1
1
1
1
1
1
1
1
1
1
1
1
1
1
1
1
1
1
1
1
1
1
1
1
1
1
1
1
1
1
1
1
1
1
1
1
1
1
1
1
1
1
1
1
1
1
1
1
1
1
1
1
1
1
1
1
1
1
1
1
1
1
1
1
1
1
1
1
1
1
1
1
1
1
1
1
1
1
1
1
1
1
1
1
1
1
1
1
1
1
1
1
1
1
1
1
1
1
1
1
1
1
1
1
1
1
1
1
1
1
1
1
1
1
1
1
1
1
1
1
1
1
1
1
1
1
1
1
1
1
1
1
1
1
1
1
1
1
1
1
1
1
1
1
1
1
1
1
1
1
1
1
1
1
1
1
1
1
1
1
1
1
1
1
1
1
1
1
1
1
1
1
1
1
1
1
1
1
1
1
1
1
1
1
1
1
1
1
1
1
1
1
1
1
1
1
1
1
1
1
1
1
1
1
1
1
1
1
1
1
1
1
1
1
1
1
1
1
1
1
1
1
1
1
1
1
1
1
1
1
1
1
1
1
1
1
1
1
1
1
1
1
1
1
1
1
1
1
1
1
1
1
1
1
1
1
1
1
1
1
1
1
1
1
1
1
1
1
1
1
1
1
1
1
1
1
1
1
1
1
1
1
1
1
1
1
1
1
1
1
1
1
1
1
1
1
1
1
1
1
1
1
1
1
1
1
1
1
1
1
1
1
1
1
1
1
1
1
1
1
1
1
1
1
1
1
1
1
1
1
1
1
1
1
1
1
1
1
1
1
1
1
1
1
1
1
1
1
1
1
1
1
1
1
1
1
1
1
1
1
1
1
1
1
1
1
1
1
1
1
1
1
1
1
1
1
1
1
1
1
1
1
1
1
1
1
1
1
1
1
1
1
1
1
1
1
1
1
1
1
1
1
1
1
1
1
1
1
1
1
1
1
1
1
1
1
1
1
1
1
1
1
1
1
1
1
1
1
1
1
1
1
1
1
1
1
1
1
1
1
1
1
1
1
1
1
1
1
1
1
1
1
1
1
1
1
1
1
1
1
1
1
1
1
1
1
1
1
1
1
1
1
1
1
1
1
1
1
1
1
1
1
1
1
1
1
1
1
1
1
1
1
1
1
1
1
1
1
1
1
1
1
1
1
1
1
1
1
1
1
1
1
1
1
1
1
1
1
1
1
1
1
1
1
1
1
1
1
1
1
1
1
1
1
1
1
1
1
1
1
1
1
1
1
1
1
1
1
1
1
1
1
1
1
1
1
1
1
1
1
1
1
1
1
1
1
1
1
1
1
1
1
0
0
0
0
0
0
0
0
0
0
0
0
0
0
1
1
1
1
1
1
1
1
1
1
1
1
1
1
1
1
1
1
1
1
1
1
1
1
1
1
1
1
1
1
1
1
1
1
1
1
1
1
1
1
1
1
0
1
1
0
1
1
0
1
1
0
1
1
0
1
1
0
1
1
0
1
1
0
1
1
0
1
1
0
1
1
0
1
1
0
1
1
0
1
1
0
1
1
0
1
1
0
1
1
0
1
1
0
1
1
0
1
1
0
1
1
0
1
1
0
1
1
0
1
1
0
1
1
0
1
1
0
1
1
0
1
1
0
1
1
0
1
0
1
0
1
0
1
0
1
0
1
0
1
0
1
0
1
0
1
0
1
0
1
0
1
0
1
0
1
0
1
0
1
0
1
0
1
0
1
0
1
0
1
0
1
0
1
0
1
0
1
0
1
0
1
0
1
0
1
0
1
0
1
0
1
0
1
0
1
0
1
0
1
0
1
0
1
0
1
0
1
0
1
0
1
0
1
0
1
0
1
0
1
0
1
0
1
0
1
0
1
0
1
0
1
0
1
0
1
0
1
0
1
0
1
0
1
0
1
0
1
0
1
0
1
0
1
0
1
0
1
0
1
0
1
0
1
0
1
0
0
0
0
0
0
0
0
0
0
0
0
0
0
0
1
0
1
0
1
0
1
0
1
0
1
0
1
0
1
0
1
0
1
0
1
0
1
0
1
0
1
0
1
0
1
0
1
0
1
0
1
0
1
0
1
0
1
0
1
0
1
0
1
0
1
0
1
0
1
0
0
0
0
0
0
0
0
0
0
0
0
0
0
0
1
0
1
0
1
0
1
0
1
0
1
0
1
0
1
0
1
0
1
0
1
0
1
0
1
0
1
0
0
0
0
0
0
0
0
0
0
0
0
0
0
0
0
0
0
0
0
0
0
0
0
0
0
0
0
0
1
0
1
0
1
0
1
0
1
0
1
0
1
0
1
0
1
0
1
0
1
0
1
0
1
0
1
0
0
0
0
0
0
0
0
0
0
0
0
0
0
0
1
0
1
0
1
0
1
0
1
0
1
0
1
0
1
0
1
0
1
0
1
0
1
0
1
0
1
0
0
0
0
0
0
0
0
0
0
0
0
0
0
0
0
0
0
0
0
0
0
0
0
0
0
0
0
0
0
0
0
0
0
0
0
0
0
0
0
0
0
0
1
0
1
0
1
0
1
0
1
0
1
0
1
0
1
0
1
0
1
0
1
0
1
0
1
0
1
0
0
0
0
0
0
0
0
0
0
0
0
0
0
0
0
0
0
0
0
0
0
0
0
0
0
0
0
0
0
0
0
0
0
0
0
0
0
0
0
0
0
0
1
0
1
0
1
0
1
0
1
0
1
0
1
0
1
0
1
0
1
0
1
0
1
0
1
0
1
0
0
0
0
0
0
0
0
0
0
0
0
0
0
0
0
0
0
0
0
0
0
0
0
0
0
0
0
0
0
0
0
0
0
0
0
0
0
0
0
0
0
0
0
0
0
0
0
0
0
0
0
0
0
0
0
0
0
0
0
0
0
0
0
0
0
0
0
0
0
0
1
0
1
0
1
0
1
0
1
0
1
0
1
0
1
0
1
0
1
0
1
0
1
0
1
0
1
0
0
0
0
0
0
0
0
0
0
0
0
0
0
0
0
0
0
0
0
0
0
0
0
0
0
0
0
0
0
0
0
0
0
0
0
0
0
0
0
0
0
0
0
0
0
0
0
0
0
0
0
0
0
0
0
0
0
0
0
0
0
0
0
0
0
0
0
0
0
0
0
0
0
0
0
0
0
0
0
0
0
0
0
0
0
0
0
0
0
0
0
0
0
0
0
0
0
0
0
0
0
0
0
0
0
0
0
0
0
0
0
0
0
0
0
0
0
0
0
0
0
0
0
0
0
1
1
0
0
0
0
0
0
0
0
0
0
0
0
0
0
0
0
0
0
1
1
0
0
0
0
0
0
0
0
0
0
0
0
0
0
0
0
0
0
1
1
0
0
0
0
0
0
0
0
0
0
0
0
0
0
0
0
0
0
1
1
0
0
0
0
0
0
0
0
0
0
0
0
0
0
0
0
0
0
1
1
0
0
0
0
0
0
0
0
0
0
0
0
0
0
0
0
0
0
0
1
1
0
0
0
0
0
0
0
0
0
0
0
0
0
0
0
0
0
0
0
0
1
1
0
0
0
0
0
0
0
0
0
0
0
0
0
0
0
0
0
0
0
0
1
1
0
0
0
0
0
0
0
0
0
0
0
0
0
0
0
0
0
0
0
0
1
0
1
0
0
0
0
0
0
0
0
0
0
0
0
0
0
0
0
0
0
0
0
0
1
1
0
0
0
0
0
0
0
0
0
0
0
0
0
0
0
0
0
0
0
1
1
0
0
0
0
0
0
0
0
0
0
0
0
0
0
0
0
0
0
0
1
1
0
0
0
0
0
0
0
0
0
0
0
0
0
0
0
0
0
0
0
1
1
0
0
0
0
0
0
0
0
0
0
0
0
0
0
0
0
0
0
0
1
1
0
0
0
0
0
0
0
0
0
0
0
0
0
0
0
0
0
0
0
1
0
1
0
0
0
0
0
0
0
0
0
0
0
0
0
0
0
0
0
0
0
0
1
1
0
0
0
0
0
0
0
0
0
0
0
0
0
0
0
0
0
0
1
1
0
0
0
0
0
0
0
0
0
0
0
0
0
0
0
0
0
0
1
1
0
0
0
0
0
0
0
0
0
0
0
0
0
0
0
0
0
0
1
0
1
0
0
0
0
0
0
0
0
0
0
0
0
0
0
0
0
0
0
0
1
1
0
0
0
0
0
0
0
0
0
0
0
0
0
0
0
0
0
1
1
0
0
0
0
0
0
0
0
0
0
0
0
0
0
0
0
0
1
1
0
0
0
0
0
0
0
0
0
0
0
0
0
0
0
0
0
1
0
1
0
0
0
0
0
0
0
0
0
0
0
0
0
0
0
0
0
0
1
1
0
0
0
0
0
0
0
0
0
0
0
0
0
0
0
0
1
0
1
0
0
0
0
0
0
0
0
0
0
0
0
0
0
0
0
0
1
1
0
0
0
0
0
0
0
0
0
0
0
0
0
0
0
1
1
0
0
0
0
0
0
0
0
0
0
0
0
0
0
0
1
0
1
0
0
0
0
0
0
0
0
0
0
0
0
0
0
0
0
1
1
0
0
0
0
0
0
0
0
0
0
0
0
0
0
1
0
1
0
0
0
0
0
0
0
0
0
0
0
0
0
0
0
1
0
1
0
0
0
0
0
0
0
0
0
0
0
0
0
0
1
1
0
0
0
0
0
0
0
0
0
0
0
0
1
0
1
0
0
0
0
0
0
0
0
0
0
0
0
0
1
0
1
0
0
0
0
0
0
0
0
0
0
0
0
1
0
1
0
0
0
0
0
0
0
0
0
0
0
1
0
1
0
0
0
0
0
0
0
0
0
0
1
0
1
0
0
0
0
0
0
0
0
0
1
0
0
1
0
0
0
0
0
0
0
0
0
1
0
0
1
0
0
0
0
0
0
0
1
0
0
0
1
0
0
0
0
0
0
0
0
0
0
0
0
0
0
0
0
0
0
0
0
0
0
0
0
0
0
0
0
0
0
0
0
0
0
0
0
0
0
0
0
0
0
0
0
0
0
0
0
0
0
0
0
0
0
0
0
0
0
0
0
0
0
0
0
0
0
0
0
0
0
0
0
0
0
0
0
0
0
0
0
0
0
0
0
0
0
0
0
0
0
0
0
0
0
0
0
0
0
0
0
0
0
0
0
0
0
0
0
0
0
0
0
0
0
0
0
0
0
0
0
0
0
0
0
0
0
0
0
0
0
0
0
0
0
0
0
0
0
0
0
0
0
0
0
0
0
0
0
0
0
0
0
0
0
0
0
0
0
0
0
0
0
0
0
0
0
0
0
0
0
0
0
0
0
0
0
0
0
0
0
0
0
0
0
0
0
0
0
0
0
0
0
0
0
0
0
0
0
0
0
0
0
0
0
0
0
0
0
0
0
0
0
0
0
0
0
0
0
0
0
0
0
0
0
0
0
0
0
0
0
0
0
0
0
0
0
0
0
0
0
0
0
0
0
0
0
0
0
0
0
0
0
0
0
0
0
0
0
0
0
0
0
0
0
0
0
0
0
0
0
0
0
0
0
0
0
0
0
0
0
0
0
0
0
0
0
0
0
0
0
0
0
0
0
0
0
0
0
0
0
0
0
0
0
0
0
0
0
0
0
0
0
0
0
0
0
0
0
0
0
0
0
0
0
0
0
0
0
0
0
0
0
0
0
0
0
0
0
0
0
0
0
0
0
0
0
0
0
0
0
0
0
0
0
0
0
0
0
0
0
0
0
0
0
0
0
0
0
0
0
0
0
0
0
0
0
0
0
0
0
0
0
0
0
0
0
0
0
0
0
0
0
0
0
0
0
0
0
0
0
0
0
0
0
0
0
0
0
0
0
0
0
0
0
0
0
0
0
0
0
0
0
0
0
0
0
0
0
0
0
0
0
0
0
0
0
0
0
0
0
0
0
0
0
0
0
0
0
0
0
0
0
0
0
0
0
0
0
0
0
0
0
0
0
0
0
0
0
0
0
0
0
0
0
0
0
0
0
0
0
0
0
0
0
0
0
0
0
0
0
0
0
0
0
0
0
0
0
0
0
0
0
0
0
0
0
0
0
0
0
0
0
0
0
0
0
0
0
0
0
0
0
0
0
0
0
0
0
0
0
0
0
0
0
0
0
0
0
0
0
0
0
0
0
0
0
0
0
0
0
0
0
0
0
0
0
0
0
0
0
0
0
0
0
0
0
0
0
0
0
0
0
0
0
0
0
0
0
0
0
0
0
0
0
0
0
0
0
0
0
0
0
0
0
0
0
0
0
0
0
0
0
0
0
0
0
0
0
0
0
0
0
0
0
0
0
0
0
0
0
0
0
0
0
0
0
0
0
0
0
0
0
0
0
0
0
0
0
0
0
0
0
0
0
0
0
0
0
0
0
0
0
0
0
0
0
0
0
0
0
0
0
0
0
0
0
0
0
0
0
0
0
0
0
0
0
0
0
0
0
0
0
0
0
0
0
0
0
0
0
0
0
0
0
0
0
0
0
0
0
0
0
0
0
0
0
1
1
1
1
1
1
1
1
1
1
1
1
0
0
0
1
1
1
1
1
1
0
0
0
0
0
1
1
1
1
0
0
0
0
0
0
0
1
1
1
1
0
0
0
0
0
0
0
0
1
1
1
1
0
0
0
0
0
0
0
0
0
1
1
1
1
0
0
0
0
0
0
0
0
0
0
1
1
1
1
0
0
0
0
0
0
0
0
0
0
0
1
1
0
0
0
0
0
0
0
0
0
0
0
0
1
1
1
1
0
0
0
0
0
0
0
0
0
0
0
0
1
1
1
1
0
0
0
0
0
0
0
0
0
0
0
0
0
1
1
0
0
0
0
0
0
0
0
0
0
0
0
0
0
1
1
1
1
0
0
0
0
0
0
0
0
0
0
0
0
0
0
1
1
0
0
0
0
0
0
0
0
0
0
0
0
0
0
0
1
1
0
0
0
0
0
0
0
0
0
0
0
0
0
0
0
1
1
1
1
0
0
0
0
0
0
0
0
0
0
0
0
0
0
0
1
1
0
0
0
0
0
0
0
0
0
0
0
0
0
0
0
0
1
1
1
1
0
0
0
0
0
0
0
0
0
0
0
0
0
0
0
0
1
1
0
0
0
0
0
0
0
0
0
0
0
0
0
0
0
0
0
1
1
0
0
0
0
0
0
0
0
0
0
0
0
0
0
0
0
0
1
1
0
0
0
0
0
0
0
0
0
0
0
0
0
0
0
0
0
1
1
1
1
0
0
0
0
0
0
0
0
0
0
0
0
0
0
0
0
0
1
1
0
0
0
0
0
0
0
0
0
0
0
0
0
0
0
0
0
0
1
1
0
0
0
0
0
0
0
0
0
0
0
0
0
0
0
0
0
0
1
1
0
0
0
0
0
0
0
0
0
0
0
0
0
0
0
0
0
0
1
1
1
1
0
0
0
0
0
0
0
0
0
0
0
0
0
0
0
0
0
0
1
1
0
0
0
0
0
0
0
0
0
0
0
0
0
0
0
0
0
0
0
1
1
0
0
0
0
0
0
0
0
0
0
0
0
0
0
0
0
0
0
0
1
1
0
0
0
0
0
0
0
0
0
0
0
0
0
0
0
0
0
0
0
1
1
0
0
0
0
0
0
0
0
0
0
0
0
0
0
0
0
0
0
0
1
1
0
0
0
0
0
0
0
0
0
0
0
0
0
0
0
0
0
0
0
1
1
1
1
0
0
0
0
0
0
0
0
0
0
0
0
0
0
0
0
0
0
0
1
1
0
0
0
0
0
0
0
0
0
0
0
0
0
0
0
0
0
0
0
0
1
1
0
0
0
0
0
0
0
0
0
0
0
0
0
0
0
0
0
0
0
0
1
1
0
0
0
0
0
0
0
0
0
0
0
0
0
0
0
0
0
0
0
0
1
1
0
0
0
0
0
0
0
0
0
0
0
0
0
0
0
0
0
0
0
0
1
1
0
0
0
0
0
0
0
0
0
0
0
0
0
0
0
0
0
0
0
1
1
0
0
0
0
0
0
0
0
0
0
0
0
0
0
0
0
0
0
1
1
0
0
0
0
0
0
0
0
0
0
0
0
0
0
0
0
0
0
1
1
0
0
0
0
0
0
0
0
0
0
0
0
0
0
0
0
0
0
1
1
0
0
0
0
0
0
0
0
0
0
0
0
0
0
0
0
0
0
0
0
0
0
0
0
0
0
0
0
0
0
0
0
0
0
0
0
0
0
1
1
1
1
1
1
0
1
1
0
0
0
0
1
1
0
1
1
0
0
0
0
0
0
1
1
0
1
0
0
0
0
0
0
0
0
1
0
1
0
0
0
0
0
0
0
0
0
1
0
1
0
0
0
0
0
0
0
0
0
0
1
0
1
0
0
0
0
0
0
0
0
0
0
0
1
0
1
0
0
0
0
0
0
0
0
0
0
0
0
1
0
0
0
0
0
0
0
0
0
0
0
0
0
0
0
1
0
0
0
0
0
0
0
0
0
0
0
0
0
1
0
1
0
0
0
0
0
0
0
0
0
0
0
0
0
0
1
0
0
0
0
0
0
0
0
0
0
0
0
0
0
0
0
0
1
0
0
0
0
0
0
0
0
0
0
0
0
0
0
0
1
0
0
0
0
0
0
0
0
0
0
0
0
0
0
0
0
0
0
0
0
0
0
0
0
0
0
0
0
0
0
0
0
0
0
0
1
0
0
0
0
0
0
0
0
0
0
0
0
0
0
0
0
1
0
0
0
0
0
0
0
0
0
0
0
0
0
0
0
0
0
0
0
1
0
0
0
0
0
0
0
0
0
0
0
0
0
0
0
0
0
1
0
0
0
0
0
0
0
0
0
0
0
0
0
0
0
0
0
0
0
0
0
0
0
0
0
0
0
0
0
0
0
0
0
0
0
0
0
0
0
0
0
0
0
0
0
0
0
0
0
0
0
0
0
0
0
0
0
0
1
0
0
0
0
0
0
0
0
0
0
0
0
0
0
0
0
0
0
1
0
0
0
0
0
0
0
0
0
0
0
0
0
0
0
0
0
0
0
0
0
0
0
0
0
0
0
0
0
0
0
0
0
0
0
0
0
0
0
0
0
0
0
0
0
0
0
0
0
0
0
0
0
0
0
0
0
0
0
0
0
1
0
0
0
0
0
0
0
0
0
0
0
0
0
0
0
0
0
0
0
1
0
0
0
0
0
0
0
0
0
0
0
0
0
0
0
0
0
0
0
0
0
0
0
0
0
0
0
0
0
0
0
0
0
0
0
0
0
0
0
0
0
0
0
0
0
0
0
0
0
0
0
0
0
0
0
0
0
0
0
0
0
0
0
0
0
0
0
0
0
0
0
0
0
0
0
0
0
0
0
0
0
0
0
0
0
0
0
0
0
0
0
0
0
0
0
0
0
0
0
0
0
0
0
0
0
0
1
0
0
0
0
0
0
0
0
0
0
0
0
0
0
0
0
0
0
0
0
1
0
0
0
0
0
0
0
0
0
0
0
0
0
0
0
0
0
0
0
0
0
0
0
0
0
0
0
0
0
0
0
0
0
0
0
0
0
0
0
0
0
0
0
0
0
0
0
0
0
0
0
0
0
0
0
0
0
0
0
0
0
0
0
0
0
0
0
0
0
0
0
0
0
0
0
0
0
0
0
0
0
0
0
0
0
0
0
0
0
0
0
0
0
0
0
0
0
0
0
0
0
0
0
0
0
0
0
0
0
0
0
0
0
0
0
0
0
0
0
0
0
0
0
0
0
0
0
0
0
0
0
0
0
0
0
0
0
0
0
0
0
0
0
0
0
0
0
0
0
0
0
0
0
0
0
0
0
0
0
0
0
0
0
0
0
0
0
0
0
0
0
0
0
0
0
0
0
0
0
0
0
0
0
0
0
0
0
0
0
)
;
}
)

// ************************************************************************* //
